date,total,nobl,growth
2014-01-02 00:00:00-05:00,1000000.0,700000.0,300000.0
2014-01-03 00:00:00-05:00,998634.6521845853,700800.3296526617,297834.3225319237
2014-01-06 00:00:00-05:00,995133.9455195335,698399.7342091091,296734.2113104244
2014-01-07 00:00:00-05:00,1001404.9890338817,701920.5865388832,299484.40249499853
2014-01-08 00:00:00-05:00,1000297.4589581278,700160.0029682232,300137.45598990464
2014-01-09 00:00:00-05:00,1000421.0910569007,701280.5746659905,299140.51639091014
2014-01-10 00:00:00-05:00,1005224.4471489429,705121.275526438,300103.1716225048
2014-01-13 00:00:00-05:00,991827.8157540184,696159.1417337796,295668.6740202388
2014-01-14 00:00:00-05:00,1003706.8761717132,702400.5954435526,301306.2807281606
2014-01-15 00:00:00-05:00,1006982.3112907914,703200.9250962143,303781.3861945771
2014-01-16 00:00:00-05:00,1006856.5221533693,703040.7647222182,303815.7574311511
2014-01-17 00:00:00-05:00,1001936.88228021,699839.9183288903,302096.9639513197
2014-01-21 00:00:00-05:00,1005360.4879429683,700960.3326208849,304400.1553220834
2014-01-22 00:00:00-05:00,1005510.8942281839,700320.0846393327,305190.8095888511
2014-01-23 00:00:00-05:00,996317.6715933408,692158.2017964496,304159.4697968912
2014-01-24 00:00:00-05:00,975933.0367571265,677754.9439466799,298178.0928104466
2014-01-27 00:00:00-05:00,970805.2277444297,675514.6662828964,295290.5614615333
2014-01-28 00:00:00-05:00,976714.6856874402,681596.0383215598,295118.6473658805
2014-01-29 00:00:00-05:00,965390.1360309911,673434.0767757901,291956.0592552011
2014-01-30 00:00:00-05:00,974788.1337667201,677435.0954160066,297353.03835071344
2014-01-31 00:00:00-05:00,970316.4957525735,673754.0827122363,296562.41304033715
2014-02-03 00:00:00-05:00,946386.2652181742,656630.3415367976,289755.9236813766
2014-02-04 00:00:00-05:00,951558.3176105551,659671.1456104589,291887.1720000961
2014-02-05 00:00:00-05:00,951441.7108516044,660310.763968919,291130.94688268524
2014-02-06 00:00:00-05:00,960435.9976257356,665592.4359780126,294843.5616477229
2014-02-07 00:00:00-05:00,974817.586955626,674714.4153331212,300103.1716225048
2014-02-10 00:00:00-05:00,977976.3121140039,676154.520750016,301821.79136398796
2014-02-11 00:00:00-05:00,988776.0113503814,683516.5461575565,305259.46519282495
2014-02-12 00:00:00-05:00,990000.3008311123,684156.3219217896,305843.97890932276
2014-02-13 00:00:00-05:00,996910.3296742879,688797.5885435581,308112.74113072973
2014-02-14 00:00:00-05:00,1000889.7120546857,692158.2017964496,308731.510258236
2014-02-18 00:00:00-05:00,1002402.3070714644,692158.2017964496,310244.10527501476
2014-02-19 00:00:00-05:00,997230.493016507,689117.7518857773,308112.74113072973
2014-02-20 00:00:00-05:00,1002995.1340281412,693438.5403537807,309556.5936743605
2014-02-21 00:00:00-05:00,1002582.5633636876,693438.5403537807,309144.0230099069
2014-02-24 00:00:00-05:00,1006152.9648005947,695358.8907840045,310794.07401659025
2014-02-25 00:00:00-05:00,1007249.5070912347,696799.2323095587,310450.27478167607
2014-02-26 00:00:00-05:00,1009535.3219725827,699359.9881271074,310175.3338454754
2014-02-27 00:00:00-05:00,1013948.3576610022,701760.58357066,312187.7740903422
2014-02-28 00:00:00-05:00,1017283.7008394651,705441.2027599978,311842.49807946733
2014-03-03 00:00:00-05:00,1009689.8409369439,700160.0029682232,309529.8379687207
2014-03-04 00:00:00-05:00,1022907.3034947568,709442.3788059873,313464.92468876945
2014-03-05 00:00:00-05:00,1022169.9463334267,707842.0343122098,314327.91202121694
2014-03-06 00:00:00-05:00,1023173.970380346,709122.215463768,314051.75491657807
2014-03-07 00:00:00-05:00,1022900.9722782196,710402.5540210991,312498.4182571206
2014-03-10 00:00:00-04:00,1022856.866547649,710082.2332731069,312774.6332745422
2014-03-11 00:00:00-04:00,1019590.5406342044,708162.1189515427,311428.4216826617
2014-03-12 00:00:00-04:00,1020764.1142206474,708162.1189515427,312601.9952691048
2014-03-13 00:00:00-04:00,1009143.9879541164,700960.3326208849,308183.6553332316
2014-03-14 00:00:00-04:00,1006718.0371274927,700640.0905757791,306077.9465517137
2014-03-17 00:00:00-04:00,1015652.3283255629,706882.016502871,308770.31182269193
2014-03-18 00:00:00-04:00,1021940.7970631078,709442.3788059873,312498.4182571206
2014-03-19 00:00:00-04:00,1014488.2952923604,703681.2488124296,310807.04647993075
2014-03-20 00:00:00-04:00,1017591.6100350865,705921.6051790997,311670.00485598686
2014-03-21 00:00:00-04:00,1012880.7253189213,704961.0364495554,307919.68886936584
2014-03-24 00:00:00-04:00,1006981.5367629428,701760.58357066,305220.9531922829
2014-03-25 00:00:00-04:00,1011665.4949137713,705441.2027599978,306224.2921537735
2014-03-26 00:00:00-04:00,1005632.5123231355,703352.428152697,302280.08417043847
2014-03-27 00:00:00-04:00,1002651.8930137218,702066.9739077445,300584.9191059772
2014-03-28 00:00:00-04:00,1007739.3915965795,706566.3392251814,301173.05237139814
2014-03-31 00:00:00-04:00,1016151.4553054788,712833.3713730618,303318.0839324169
2014-04-01 00:00:00-04:00,1022925.4973664845,714279.3795064429,308646.1178600416
2014-04-02 00:00:00-04:00,1026613.7364422173,717171.8679905242,309441.8684516931
2014-04-03 00:00:00-04:00,1024639.5701802301,717654.1592789016,306985.4109013285
2014-04-04 00:00:00-04:00,1011171.5704380074,712351.0800846843,298820.490353323
2014-04-07 00:00:00-04:00,1001424.8688632511,705441.4388686572,295983.42999459384
2014-04-08 00:00:00-04:00,1006729.0208824826,708012.426061449,298716.5948210336
2014-04-09 00:00:00-04:00,1017634.4226183267,713797.3243267249,303837.09829160187
2014-04-10 00:00:00-04:00,996814.6260074136,702388.2390903746,294426.38691703905
2014-04-11 00:00:00-04:00,987604.4635813888,696603.1834193256,291001.28016206314
2014-04-14 00:00:00-04:00,993905.4611058938,700620.6509628174,293284.8101430764
2014-04-15 00:00:00-04:00,1000498.1977885894,706244.6805281189,294253.51726047054
2014-04-16 00:00:00-04:00,1011960.3019008684,713797.3243267249,298162.97757414356
2014-04-17 00:00:00-04:00,1014921.9174574733,716689.7341079196,298232.1833495537
2014-04-21 00:00:00-04:00,1018100.6957904499,717654.1592789016,300446.5365115483
2014-04-22 00:00:00-04:00,1020969.6010644024,718135.8996470738,302833.7014173285
2014-04-23 00:00:00-04:00,1017663.0826917212,717493.3692818136,300169.71340990753
2014-04-24 00:00:00-04:00,1020213.2156904745,717171.8679905242,303041.3476999504
2014-04-25 00:00:00-04:00,1011191.5057233389,712993.9252614903,298197.58046184864
2014-04-28 00:00:00-04:00,1016659.7726866219,717493.3692818136,299166.4034048083
2014-04-29 00:00:00-04:00,1019529.2660034588,717975.5818673046,301553.68413615413
2014-04-30 00:00:00-04:00,1023217.3105507394,720867.9916484994,302349.31890224
2014-05-01 00:00:00-04:00,1022349.281677949,719100.4035209423,303248.87815700675
2014-05-02 00:00:00-04:00,1022599.2209020667,719903.9599919498,302695.2609101168
2014-05-05 00:00:00-04:00,1023869.3076632541,719582.4587006603,304286.8489625938
2014-05-06 00:00:00-04:00,1014461.3752705706,714118.5895093549,300342.7857612158
2014-05-07 00:00:00-04:00,1021631.0599690505,722153.2884876791,299477.77148137137
2014-05-08 00:00:00-04:00,1021032.8224452944,721831.7871963895,299201.0352489048
2014-05-09 00:00:00-04:00,1024550.6602730266,724242.5353122987,300308.1249607279
2014-05-12 00:00:00-04:00,1035283.1181069443,730027.5909833476,305255.5271235966
2014-05-13 00:00:00-04:00,1034687.1871284549,729223.9558094536,305463.2313190013
2014-05-14 00:00:00-04:00,1029881.6590471021,726010.0447369693,303871.6143101328
2014-05-15 00:00:00-04:00,1020423.7689067647,718939.3774151949,301484.3914915698
2014-05-16 00:00:00-04:00,1026573.8364175697,723117.3988471151,303456.43757045455
2014-05-19 00:00:00-04:00,1030613.0033160412,725045.9343775333,305567.06893850793
2014-05-20 00:00:00-04:00,1022114.0226800209,717654.1592789016,304459.8634011193
2014-05-21 00:00:00-04:00,1029037.4252135307,721671.4694166204,307365.9557969103
2014-05-22 00:00:00-04:00,1030868.554210348,722153.2884876791,308715.265722669
2014-05-23 00:00:00-04:00,1035045.6730661371,724081.5092065512,310964.1638595858
2014-05-27 00:00:00-04:00,1042456.1373843306,727617.0002732114,314839.1371111193
2014-05-28 00:00:00-04:00,1040041.1281121132,726170.7560311708,313870.3720809424
2014-05-29 00:00:00-04:00,1046225.8853797975,730348.7774630912,315877.10791670636
2014-05-30 00:00:00-04:00,1048831.7821055525,732920.1581703153,315911.6239352373
2014-06-02 00:00:00-04:00,1048841.4141465686,733241.1872442858,315600.2269022829
2014-06-03 00:00:00-04:00,1047738.7927433222,732276.9194790769,315461.87326424534
2014-06-04 00:00:00-04:00,1051164.96764649,734526.7988950114,316638.1687514786
2014-06-05 00:00:00-04:00,1058328.3788841306,739026.1642124483,319302.21467168233
2014-06-06 00:00:00-04:00,1062733.0585177694,741597.1514052401,321135.90711252944
2014-06-09 00:00:00-04:00,1065544.116785003,744650.4298864092,320893.68689859385
2014-06-10 00:00:00-04:00,1063687.4662995907,742240.0752849325,321447.39101465803
2014-06-11 00:00:00-04:00,1059922.2653155867,738544.1090327302,321378.1562828565
2014-06-12 00:00:00-04:00,1051392.0483190324,732920.1581703153,318471.89014871715
2014-06-13 00:00:00-04:00,1052326.268374287,732920.1581703153,319406.11020397174
2014-06-16 00:00:00-04:00,1053406.374715597,733723.5572355499,319682.8174800469
2014-06-17 00:00:00-04:00,1055668.0768922488,735812.3318428505,319855.74504939816
2014-06-18 00:00:00-04:00,1064537.9206363396,742882.9991646251,321654.9214717144
2014-06-19 00:00:00-04:00,1066097.8209010672,744650.4298864092,321447.39101465803
2014-06-20 00:00:00-04:00,1067440.0148628175,745614.5402458453,321825.4746169721
2014-06-23 00:00:00-04:00,1065741.6985897408,743846.8734154017,321894.8251743392
2014-06-24 00:00:00-04:00,1062215.6004954472,740633.0410458039,321582.55944964325
2014-06-25 00:00:00-04:00,1066455.832466822,742826.4904921291,323629.3419746927
2014-06-26 00:00:00-04:00,1065177.519640836,741374.8157509211,323802.70388991473
2014-06-27 00:00:00-04:00,1068373.8288133177,743148.7001093971,325225.12870392064
2014-06-30 00:00:00-04:00,1069251.8036567355,743471.6967555297,325780.1069012057
2014-07-01 00:00:00-04:00,1075405.23857426,746051.9708889266,329353.2676853332
2014-07-02 00:00:00-04:00,1075153.971778581,745245.5811140056,329908.3906645753
2014-07-03 00:00:00-04:00,1081267.1568264551,749277.2938799511,331989.86294650397
2014-07-07 00:00:00-04:00,1078164.4718583287,747180.7276868884,330983.74417144037
2014-07-08 00:00:00-04:00,1070788.4487862189,743794.142481457,326994.30630476197
2014-07-09 00:00:00-04:00,1074507.1316707511,745084.3976024853,329422.7340682659
2014-07-10 00:00:00-04:00,1070724.4014428598,742342.3890373625,328382.0124054972
2014-07-11 00:00:00-04:00,1072034.4595619012,741536.3140739874,330498.14548791375
2014-07-14 00:00:00-04:00,1076430.6717974425,743955.3259929775,332475.345804465
2014-07-15 00:00:00-04:00,1073511.9051788577,742181.2055258421,331330.6996530156
2014-07-16 00:00:00-04:00,1076120.578213565,743471.6967555297,332648.8814580354
2014-07-17 00:00:00-04:00,1065102.5118069523,736859.3163417549,328243.19546519744
2014-07-18 00:00:00-04:00,1076595.5038884378,743148.7001093971,333446.80377904075
2014-07-21 00:00:00-04:00,1075050.627413698,742020.1007172081,333030.52669648983
2014-07-22 00:00:00-04:00,1076844.3147701873,741697.6549912809,335146.6597789064
2014-07-23 00:00:00-04:00,1081091.683012442,743794.142481457,337297.54053098493
2014-07-24 00:00:00-04:00,1080226.1226813851,743310.1984324633,336915.92424892186
2014-07-25 00:00:00-04:00,1077778.8321441787,742181.2055258421,335597.62661833654
2014-07-28 00:00:00-04:00,1080947.2190901972,745245.5811140056,335701.6379761915
2014-07-29 00:00:00-04:00,1075519.1545737241,740407.2424644796,335111.9121092444
2014-07-30 00:00:00-04:00,1074257.1283244174,737826.8896281964,336430.2386962211
2014-07-31 00:00:00-04:00,1052781.8278426903,723150.9262767576,329630.90156593267
2014-08-01 00:00:00-04:00,1052212.7975798554,723796.2112430446,328416.5863368109
2014-08-04 00:00:00-04:00,1059628.7183401894,728957.1530242709,330671.5653159186
2014-08-05 00:00:00-04:00,1050645.5337437913,722506.3496364489,328139.1841073425
2014-08-06 00:00:00-04:00,1051692.5670522323,723796.2112430446,327896.3558091878
2014-08-07 00:00:00-04:00,1047103.7826510698,720248.2064174333,326855.5762336364
2014-08-08 00:00:00-04:00,1059623.2450965927,730408.5916568195,329214.6534397732
2014-08-11 00:00:00-04:00,1064145.8226373934,732988.6296815568,331157.1929558366
2014-08-12 00:00:00-04:00,1063684.5970938455,732666.1052527431,331018.49184110237
2014-08-13 00:00:00-04:00,1071058.791793074,736536.6345071681,334522.15728590585
2014-08-14 00:00:00-04:00,1075535.2384556637,739278.5643694043,336256.6740862594
2014-08-15 00:00:00-04:00,1074746.5537832957,736859.3163417549,337887.2374415407
2014-08-18 00:00:00-04:00,1084767.1054844297,744278.1652333372,340488.9402510925
2014-08-19 00:00:00-04:00,1089739.1897585797,747342.2260099548,342396.96374862496
2014-08-20 00:00:00-04:00,1090545.2647219547,748148.3009733298,342396.96374862496
2014-08-21 00:00:00-04:00,1093658.1296913126,750567.3128923199,343090.8167989926
2014-08-22 00:00:00-04:00,1092082.3531123658,748471.218916576,343611.1341957898
2014-08-25 00:00:00-04:00,1096360.71278553,751535.4370989667,344825.2756865633
2014-08-26 00:00:00-04:00,1095901.1210864112,750728.8899182726,345172.2311681385
2014-08-27 00:00:00-04:00,1095808.9525306083,750567.3128923199,345241.63963828835
2014-08-28 00:00:00-04:00,1094459.7837522074,749599.818308765,344859.9654434425
2014-08-29 00:00:00-04:00,1097679.0104161154,751535.4370989667,346143.57331714866
2014-09-02 00:00:00-04:00,1099491.303647544,752341.6694681146,347149.63417942944
2014-09-03 00:00:00-04:00,1098089.3338714628,752986.4822170828,345102.85165438
2014-09-04 00:00:00-04:00,1098422.3820694452,753631.7671833698,344790.61488607543
2014-09-05 00:00:00-04:00,1103866.410184764,757341.191629161,346525.21855560306
2014-09-08 00:00:00-04:00,1100816.0332068957,753631.7671833698,347184.2660235259
2014-09-09 00:00:00-04:00,1094550.0326084266,750245.1032750519,344304.92933337466
2014-09-10 00:00:00-04:00,1099329.8840273642,752180.2498479348,347149.63417942944
2014-09-11 00:00:00-04:00,1099858.5983414783,752986.4822170828,346872.1161243955
2014-09-12 00:00:00-04:00,1093896.122782451,748793.271128071,345102.85165438
2014-09-15 00:00:00-04:00,1091533.9805821953,749761.3166318312,341772.6639503641
2014-09-16 00:00:00-04:00,1099032.7122138024,754276.8160409975,344755.8961728048
2014-09-17 00:00:00-04:00,1100037.0107822723,754760.6813871047,345276.3293951676
2014-09-18 00:00:00-04:00,1106831.9536372272,758953.8924761164,347878.06116111076
2014-09-19 00:00:00-04:00,1107261.3724144984,759598.8626308576,347662.50978364074
2014-09-22 00:00:00-04:00,1104349.7240756005,759921.1509510119,344428.57312458864
2014-09-23 00:00:00-04:00,1097282.857103767,753793.1081006633,343489.7490031038
2014-09-24 00:00:00-04:00,1107044.5663759585,759868.8135314997,347175.75284445874
2014-09-25 00:00:00-04:00,1090344.916762498,750471.5314794681,339873.38528302993
2014-09-26 00:00:00-04:00,1097363.7636710731,753874.0146679694,343489.7490031038
2014-09-29 00:00:00-04:00,1096101.794040349,753064.0832631566,343037.71077719243
2014-09-30 00:00:00-04:00,1094644.1256323308,751119.5710467821,343524.55458554864
2014-10-01 00:00:00-04:00,1081211.014199179,743180.7321841962,338030.2820149826
2014-10-02 00:00:00-04:00,1082993.3197665086,744963.037751526,338030.2820149826
2014-10-03 00:00:00-04:00,1094270.4251663068,752901.8766141118,341368.5485521949
2014-10-06 00:00:00-04:00,1093378.340007252,752739.9847766131,340638.3552306391
2014-10-07 00:00:00-04:00,1078661.687571296,742856.7911034257,335804.89646787045
2014-10-08 00:00:00-04:00,1097512.3507616082,755170.1725054838,342342.1782561245
2014-10-09 00:00:00-04:00,1079184.1243673405,742370.8794822699,336813.24488507066
2014-10-10 00:00:00-04:00,1069634.8333006394,741236.6921851407,328398.14111549867
2014-10-13 00:00:00-04:00,1051040.7167112124,727788.9660801803,323251.75063103216
2014-10-14 00:00:00-04:00,1053991.8993325508,730705.4589446393,323286.4403879114
2014-10-15 00:00:00-04:00,1049475.1964521217,728275.035107109,321200.1613450128
2014-10-16 00:00:00-04:00,1044704.031497671,725520.8275945812,319183.2039030899
2014-10-17 00:00:00-04:00,1058470.6640909053,735079.9227812251,323390.7413096802
2014-10-20 00:00:00-04:00,1069460.9501703724,741236.6921851407,328224.25798523164
2014-10-21 00:00:00-04:00,1090074.174807656,753226.2112093149,336847.9635983413
2014-10-22 00:00:00-04:00,1086391.0918961342,751281.6989929404,335109.3929031939
2014-10-23 00:00:00-04:00,1097427.9513659708,757276.4978564706,340151.4535095002
2014-10-24 00:00:00-04:00,1106366.619203027,763433.2672603863,342933.35194264085
2014-10-27 00:00:00-04:00,1106934.125115553,763757.3657469298,343176.75936862326
2014-10-28 00:00:00-04:00,1118433.9037209922,770075.9482854576,348357.95543553453
2014-10-29 00:00:00-04:00,1115041.1453937595,767969.7803402438,347071.36505351576
2014-10-30 00:00:00-04:00,1122252.02024361,774450.4908249299,347801.5294186802
2014-10-31 00:00:00-04:00,1135961.7372095515,783361.4677413733,352600.2694681782
2014-11-03 00:00:00-05:00,1135870.8405277366,782227.3591471305,353643.481380606
2014-11-04 00:00:00-05:00,1136308.641819484,783847.5367683021,352461.10505118186
2014-11-05 00:00:00-05:00,1141528.2524903351,789032.1681183601,352496.084371975
2014-11-06 00:00:00-05:00,1144585.1200242364,790976.4442260752,353608.67579816125
2014-11-07 00:00:00-05:00,1146216.3649172634,792920.5629280172,353295.80198924616
2014-11-10 00:00:00-05:00,1151032.553699229,796484.9379540173,354547.61574521154
2014-11-11 00:00:00-05:00,1152145.2319945893,796484.9379540173,355660.29404057196
2014-11-12 00:00:00-05:00,1153581.3995671263,797295.184170376,356286.21539675037
2014-11-13 00:00:00-05:00,1156407.6420818162,798591.3420078906,357816.3000739257
2014-11-14 00:00:00-05:00,1155900.0514293027,796970.9282780596,358929.123151243
2014-11-17 00:00:00-05:00,1157090.6238472443,799239.460278091,357851.1635691532
2014-11-18 00:00:00-05:00,1163818.7069917524,803290.0617367928,360528.6452549596
2014-11-19 00:00:00-05:00,1163642.0562562756,804747.7966002602,358894.25965601543
2014-11-20 00:00:00-05:00,1165565.9419115866,805072.1311954631,360493.81071612344
2014-11-21 00:00:00-05:00,1170959.8630174354,809770.6935185924,361189.1694988431
2014-11-24 00:00:00-05:00,1175396.918392541,811390.871139764,364006.04725277686
2014-11-25 00:00:00-05:00,1174981.161066571,810418.8904916794,364562.27057489153
2014-11-26 00:00:00-05:00,1179613.7789796798,812686.8715715056,366926.90740817424
2014-11-28 00:00:00-05:00,1183424.0847619248,814793.3543282652,368630.7304336596
2014-12-01 00:00:00-05:00,1174714.4960899844,810256.5264368617,364457.9696531227
2014-12-02 00:00:00-05:00,1179577.8544714916,813659.3244369089,365918.5300345826
2014-12-03 00:00:00-05:00,1182506.6827730348,815927.5416253945,366579.14114764024
2014-12-04 00:00:00-05:00,1181684.6605824635,815279.3446523075,366405.31593015604
2014-12-05 00:00:00-05:00,1181395.2889754784,814955.1674628776,366440.1215126008
2014-12-08 00:00:00-05:00,1176357.0072408472,812524.9010311202,363832.1062097271
2014-12-09 00:00:00-05:00,1175722.322166992,810742.6741666769,364979.64800031506
2014-12-10 00:00:00-05:00,1158319.3500821947,799077.4110348193,359241.9390473753
2014-12-11 00:00:00-05:00,1164883.7512601612,803937.7864925609,360945.96476760035
2014-12-12 00:00:00-05:00,1147992.9687699468,790976.4442260752,357016.5245438717
2014-12-15 00:00:00-05:00,1141714.6284634592,788384.0498481597,353330.5786152996
2014-12-16 00:00:00-05:00,1132482.0272000274,784819.5174163866,347662.50978364074
2014-12-17 00:00:00-05:00,1153716.7769461598,799725.5293050198,353991.24764113995
2014-12-18 00:00:00-05:00,1177789.9969847882,815279.3446523075,362510.65233248076
2014-12-19 00:00:00-05:00,1183759.7597494768,819654.0445975527,364105.71515192406
2014-12-22 00:00:00-05:00,1187743.649395175,822730.383024462,365013.26637071307
2014-12-23 00:00:00-05:00,1187429.162225728,823707.321954395,363721.840271333
2014-12-24 00:00:00-05:00,1189371.113750737,825335.2124584421,364035.9012922948
2014-12-26 00:00:00-05:00,1192441.9735921966,825823.249057533,366618.72453466355
2014-12-29 00:00:00-05:00,1193023.533777505,826474.5941460793,366548.93963142566
2014-12-30 00:00:00-05:00,1188138.4735419329,824032.7583900088,364105.71515192406
2014-12-31 00:00:00-05:00,1176264.113544053,815892.9910582277,360371.12248582515
2015-01-02 00:00:00-05:00,1174694.1711273561,815405.0331620234,359289.13796533283
2015-01-05 00:00:00-05:00,1156726.3170967724,802707.5029710339,354018.8141257385
2015-01-06 00:00:00-05:00,1146933.2323476973,797661.1525925293,349272.07975516794
2015-01-07 00:00:00-05:00,1163644.6251059494,809870.173967109,353774.4511388404
2015-01-08 00:00:00-05:00,1181974.051996338,821428.3224704611,360545.72952587676
2015-01-09 00:00:00-05:00,1173089.1291067726,814916.8391571596,358172.289949613
2015-01-12 00:00:00-05:00,1163982.4348150091,809544.7375314952,354437.6972835141
2015-01-13 00:00:00-05:00,1162575.4607974922,808242.4408688348,354333.0199286573
2015-01-14 00:00:00-05:00,1155411.5729464057,803033.2542181936,352378.31872821215
2015-01-15 00:00:00-05:00,1148560.0526175206,800753.8612198273,347806.1913976932
2015-01-16 00:00:00-05:00,1160946.438468777,809056.7009324044,351889.73753637285
2015-01-20 00:00:00-05:00,1162761.0478678346,808079.1323793794,354681.9154884552
2015-01-21 00:00:00-05:00,1167669.617005184,811172.6280355422,356496.98896964185
2015-01-22 00:00:00-05:00,1184684.475291287,821590.8439310518,363093.63136023516
2015-01-23 00:00:00-05:00,1177510.422553103,813614.1489800668,363896.2735730363
2015-01-26 00:00:00-05:00,1178719.4588557659,815242.0394841138,363477.4193716521
2015-01-27 00:00:00-05:00,1162621.3975196418,808567.7198986757,354053.67762096605
2015-01-28 00:00:00-05:00,1150388.0665627383,798149.3465973932,352238.719965345
2015-01-29 00:00:00-05:00,1162564.2382999868,806939.9080975151,355624.33020247176
2015-01-30 00:00:00-05:00,1146295.605805892,793428.5900602752,352867.0157456169
2015-02-02 00:00:00-05:00,1157995.0168657117,802056.393991147,355938.62287456467
2015-02-03 00:00:00-05:00,1173135.9578672692,813777.0639550899,359358.89391217934
2015-02-04 00:00:00-05:00,1168589.5414663213,809544.7375314952,359044.8039348261
2015-02-05 00:00:00-05:00,1178533.0023760106,816381.8146861835,362151.18768982723
2015-02-06 00:00:00-05:00,1174869.1653543832,814916.8391571596,359952.32619722374
2015-02-09 00:00:00-05:00,1167857.2866622894,809056.7009324044,358800.5857298849
2015-02-10 00:00:00-05:00,1179790.0616652472,815405.0331620234,364385.02850322385
2015-02-11 00:00:00-05:00,1180628.0993422084,814916.8391571596,365711.26018504874
2015-02-12 00:00:00-05:00,1191723.1225233597,821753.6802031883,369969.4423201714
2015-02-13 00:00:00-05:00,1199782.9337373485,826637.3517153295,373145.582022019
2015-02-17 00:00:00-05:00,1199480.836142825,825986.2427354425,373494.59340738255
2015-02-18 00:00:00-05:00,1202283.416929495,828265.3209222629,374018.09600723215
2015-02-19 00:00:00-05:00,1201528.3588998686,825660.4127853963,375867.9461144722
2015-02-20 00:00:00-05:00,1209413.6770605403,831032.7505197201,378380.9265408203
2015-02-23 00:00:00-05:00,1208983.6230216832,830218.6478619237,378764.97515975963
2015-02-24 00:00:00-05:00,1213006.8660969744,833962.7802806544,379044.0858163198
2015-02-25 00:00:00-05:00,1211413.3713594622,833311.6713007676,378101.70005869464
2015-02-26 00:00:00-05:00,1212844.762618581,832823.3985930172,380021.3640255639
2015-02-27 00:00:00-05:00,1208890.1555094179,830544.0055946509,378346.1499147669
2015-03-02 00:00:00-05:00,1216706.0696263702,834939.5618048146,381766.50782155566
2015-03-03 00:00:00-05:00,1210530.56403777,830544.0055946509,379986.5584431191
2015-03-04 00:00:00-05:00,1204995.1194497666,826474.5941460793,378520.5253036874
2015-03-05 00:00:00-05:00,1208099.9154953563,828916.1150906039,379183.80040475243
2015-03-06 00:00:00-05:00,1189481.892430897,814591.1666128864,374890.7258180108
2015-03-09 00:00:00-04:00,1196098.5371603235,820125.7109962548,375972.82616406865
2015-03-10 00:00:00-04:00,1176746.0382505697,807753.9320524251,368992.10619814455
2015-03-11 00:00:00-04:00,1172337.6184093328,805474.6177569452,366863.0006523875
2015-03-12 00:00:00-04:00,1186955.5724784955,817684.2687546167,369271.3037238788
2015-03-13 00:00:00-04:00,1180628.885560108,812963.0400001799,367665.8455599283
2015-03-16 00:00:00-04:00,1195631.500727762,823218.8918408718,372412.6088868903
2015-03-17 00:00:00-04:00,1191340.9593129354,818335.0629229577,373005.8963899777
2015-03-18 00:00:00-04:00,1203958.9495294993,827288.3032894434,376670.646240056
2015-03-19 00:00:00-04:00,1199471.2176873065,822242.0316138251,377229.18607348145
2015-03-20 00:00:00-04:00,1209076.0588577464,829405.0961243325,379670.96273341385
2015-03-23 00:00:00-04:00,1207690.1977790403,828753.8297386727,378936.36804036755
2015-03-24 00:00:00-04:00,1202256.0047766536,824683.9460727822,377572.0587038714
2015-03-25 00:00:00-04:00,1185084.228135947,816153.1040980592,368931.1240378877
2015-03-26 00:00:00-04:00,1181373.5061227826,813701.6665898376,367671.839532945
2015-03-27 00:00:00-04:00,1185130.782947434,815989.6382028308,369141.1447446032
2015-03-30 00:00:00-04:00,1199006.0905736296,825632.1584491484,373373.93212448125
2015-03-31 00:00:00-04:00,1190476.9376353468,821055.9004116161,369421.0372237307
2015-04-01 00:00:00-04:00,1182505.926833637,815009.157643006,367496.7691906312
2015-04-02 00:00:00-04:00,1187980.476769283,820238.6496383602,367741.8271309226
2015-04-06 00:00:00-04:00,1196872.2647947844,826121.926511742,370750.33828304237
2015-04-07 00:00:00-04:00,1193627.6964943795,823507.1018111783,370120.59468320117
2015-04-08 00:00:00-04:00,1198364.1667001583,825304.990550032,373059.17615012615
2015-04-09 00:00:00-04:00,1203159.036048112,827755.9558409348,375403.0802071772
2015-04-10 00:00:00-04:00,1205679.3313813866,828736.987320965,376942.3440604216
2015-04-13 00:00:00-04:00,1202446.4874698683,826448.7008964259,375997.7865734425
2015-04-14 00:00:00-04:00,1203159.6571636235,828246.4322295066,374913.224934117
2015-04-15 00:00:00-04:00,1207628.389916273,830371.1740559308,377257.2158603422
2015-04-16 00:00:00-04:00,1204978.8424523869,828246.4322295066,376732.41022288025
2015-04-17 00:00:00-04:00,1190276.932009289,819421.7136766503,370855.21833263885
2015-04-20 00:00:00-04:00,1201395.6840517088,824978.058759575,376417.6252921338
2015-04-21 00:00:00-04:00,1202514.5006945664,824487.7397767762,378026.76091779023
2015-04-22 00:00:00-04:00,1206539.4733921397,826448.7008964259,380090.7724957137
2015-04-23 00:00:00-04:00,1209771.5306160855,828246.4322295066,381525.09838657884
2015-04-24 00:00:00-04:00,1213968.4320457967,827265.8729667952,386702.5590790014
2015-04-27 00:00:00-04:00,1210374.4224716858,824651.2843748911,385723.13809679484
2015-04-28 00:00:00-04:00,1212382.9155687953,827429.4962677967,384953.4193009985
2015-04-29 00:00:00-04:00,1203595.6307523258,821055.9004116161,382539.7303407096
2015-04-30 00:00:00-04:00,1189080.2752230098,812557.7988376708,376522.47638533893
2015-05-01 00:00:00-04:00,1202382.63228506,820892.5132192741,381490.1190657857
2015-05-04 00:00:00-04:00,1206280.7122321534,824160.9653920921,382119.7468400614
2015-05-05 00:00:00-04:00,1191718.8924692841,815826.0149018294,375892.87756745465
2015-05-06 00:00:00-04:00,1187659.3670379773,814355.451467865,373303.91557011224
2015-05-07 00:00:00-04:00,1194801.0462857909,819257.9329698759,375543.1133159151
2015-05-08 00:00:00-04:00,1208477.150964784,828246.4322295066,380230.7187352775
2015-05-11 00:00:00-04:00,1204229.654650324,825468.2990394875,378761.35561083653
2015-05-12 00:00:00-04:00,1200391.0255980287,823343.7146188363,377047.31097919226
2015-05-13 00:00:00-04:00,1200670.2516726777,822853.3956360373,377816.85603664024
2015-05-14 00:00:00-04:00,1216003.4130116906,832659.3030746969,383344.1099369938
2015-05-15 00:00:00-04:00,1217800.9869389986,834456.8770020047,383344.1099369938
2015-05-18 00:00:00-04:00,1219807.000372882,834783.6513866887,385023.3489861933
2015-05-19 00:00:00-04:00,1219713.9360388746,835110.4257713726,384603.51026750205
2015-05-20 00:00:00-04:00,1219142.1493441586,834293.7259183221,384848.4234258365
2015-05-21 00:00:00-04:00,1222606.8525836344,835764.2893522865,386842.56323134794
2015-05-22 00:00:00-04:00,1218136.3028634784,831678.7438119856,386457.5590514929
2015-05-26 00:00:00-04:00,1205849.0785879767,823834.2697102947,382014.80887768214
2015-05-27 00:00:00-04:00,1219196.6658188447,831024.8015281851,388171.8642906596
2015-05-28 00:00:00-04:00,1216687.830491991,829390.5360903329,387297.2944016582
2015-05-29 00:00:00-04:00,1208005.4962617168,823017.0976399253,384988.3986217916
2015-06-01 00:00:00-04:00,1210934.0336915925,824651.2843748911,386282.74931670155
2015-06-02 00:00:00-04:00,1209873.0369968985,824814.5928643466,385058.44413255196
2015-06-03 00:00:00-04:00,1212661.6073971067,826448.7008964259,386212.9065006809
2015-06-04 00:00:00-04:00,1202695.8939284494,819421.7136766503,383274.180251799
2015-06-05 00:00:00-04:00,1198681.4824329184,816316.6486961743,382364.8337367441
2015-06-08 00:00:00-04:00,1190712.1519830462,812230.6309385544,378481.5210444918
2015-06-09 00:00:00-04:00,1189592.3047189617,811740.4693615284,377851.83535743336
2015-06-10 00:00:00-04:00,1205065.763890471,822036.3809714409,383029.38291903015
2015-06-11 00:00:00-04:00,1208076.7918284957,824487.7397767762,383589.05205171957
2015-06-12 00:00:00-04:00,1198391.2808516908,817950.5993224806,380440.6815292102
2015-06-15 00:00:00-04:00,1190128.8640429943,811577.2395749594,378551.6244680349
2015-06-16 00:00:00-04:00,1197912.5210270104,817296.9718502262,380615.5491767843
2015-06-17 00:00:00-04:00,1203047.7773352254,821382.6747963,381665.10253892536
2015-06-18 00:00:00-04:00,1217108.2487459867,829880.8550731319,387227.39367285476
2015-06-19 00:00:00-04:00,1210781.1250703568,825468.2990394875,385312.82603086927
2015-06-22 00:00:00-04:00,1219177.9020772274,831024.8015281851,388153.10054904217
2015-06-23 00:00:00-04:00,1219002.8476600123,830534.3251396132,388468.52252039907
2015-06-24 00:00:00-04:00,1211222.6639924715,824752.6536926832,386470.01029978844
2015-06-25 00:00:00-04:00,1207330.1869368635,821631.6907291373,385698.4962077262
2015-06-26 00:00:00-04:00,1206906.0692620506,823767.0574452368,383139.0118168138
2015-06-29 00:00:00-04:00,1183076.149630447,808983.6646537466,374092.4849767003
2015-06-30 00:00:00-04:00,1183587.4210188393,808162.4787361666,375424.94228267286
2015-07-01 00:00:00-04:00,1198722.8177529841,820317.5099306178,378405.3078223664
2015-07-02 00:00:00-04:00,1197842.7348869855,819332.2284947174,378510.5063922682
2015-07-06 00:00:00-04:00,1193188.113644173,815554.1751319116,377633.93851226114
2015-07-07 00:00:00-04:00,1202511.8704386463,823931.2316664436,378580.63877220266
2015-07-08 00:00:00-04:00,1183765.0036145719,811776.2004719925,371988.8031425793
2015-07-09 00:00:00-04:00,1184539.6644258252,812761.4032050064,371778.26122081885
2015-07-10 00:00:00-04:00,1198926.0164110775,821467.437805044,377458.5786060335
2015-07-13 00:00:00-04:00,1213109.1407818452,829023.5445306554,384085.59625118977
2015-07-14 00:00:00-04:00,1217276.1253464026,830665.995068702,386610.1302777005
2015-07-15 00:00:00-04:00,1213919.0815817595,826888.0991116692,387030.9824700902
2015-07-16 00:00:00-04:00,1221688.613301076,829187.7974547487,392500.8158463273
2015-07-17 00:00:00-04:00,1224517.3902603483,826231.087415296,398286.3028450523
2015-07-20 00:00:00-04:00,1227034.8208406107,827380.9365868357,399653.884253775
2015-07-21 00:00:00-04:00,1222025.5215384236,822617.1295708107,399408.39196761284
2015-07-22 00:00:00-04:00,1219309.5351451957,824424.3052502696,394885.22989492596
2015-07-23 00:00:00-04:00,1213401.540867907,819989.0040824312,393412.53678547574
2015-07-24 00:00:00-04:00,1203138.6149591855,813582.9826370189,389555.6323221665
2015-07-27 00:00:00-04:00,1197284.6234786625,810954.9358515259,386329.68762713665
2015-07-28 00:00:00-04:00,1212113.641459715,822452.9553496038,389660.6861101113
2015-07-29 00:00:00-04:00,1221307.046153095,830173.551107968,391133.4950451271
2015-07-30 00:00:00-04:00,1221029.6907890777,828037.948283209,392991.7425058687
2015-07-31 00:00:00-04:00,1220573.946145069,828037.948283209,392535.9978618601
2015-08-03 00:00:00-04:00,1217867.9596649432,826559.2784519367,391308.68121300644
2015-08-04 00:00:00-04:00,1217624.6803821358,827052.2733328762,390572.40704925975
2015-08-05 00:00:00-04:00,1226060.6160126491,832472.7772337284,393587.8387789206
2015-08-06 00:00:00-04:00,1213342.95731323,826066.5983825432,387276.3589306868
2015-08-07 00:00:00-04:00,1210223.942287988,823438.3941912772,386785.5480967109
2015-08-10 00:00:00-04:00,1224826.1751274432,833622.5477023816,391203.6274250616
2015-08-11 00:00:00-04:00,1213899.059830742,827709.5211379088,386189.5386928332
2015-08-12 00:00:00-04:00,1214574.0666369423,827052.2733328762,387521.7933040662
2015-08-13 00:00:00-04:00,1215257.3374136775,828366.532834282,386890.8045793954
2015-08-14 00:00:00-04:00,1220616.6029133748,833129.7889301017,387486.81398327305
2015-08-17 00:00:00-04:00,1226963.7882608175,836251.1454080801,390712.64285273734
2015-08-18 00:00:00-04:00,1222665.354212284,833951.3683621142,388713.9858501698
2015-08-19 00:00:00-04:00,1214520.860555191,828366.532834282,386154.32772090903
2015-08-20 00:00:00-04:00,1190685.5493069836,815225.511877952,375460.0374290315
2015-08-21 00:00:00-04:00,1153578.8390846853,794528.6203046701,359050.21878001513
2015-08-24 00:00:00-04:00,1112332.3132642,767097.0440320163,345235.26923218364
2015-08-25 00:00:00-04:00,1097894.2739161933,753956.3378872323,343937.93602896103
2015-08-26 00:00:00-04:00,1137719.3216706058,776459.9329226542,361259.3887479517
2015-08-27 00:00:00-04:00,1162311.5347288994,791900.6522220635,370410.8825068359
2015-08-28 00:00:00-04:00,1162570.1732622024,792229.3941789096,370340.77908329276
2015-08-31 00:00:00-04:00,1152555.7868658442,786808.4180607384,365747.36880510586
2015-09-01 00:00:00-04:00,1120592.5466383523,766275.8581144363,354316.6885239161
2015-09-02 00:00:00-04:00,1142248.2243564553,777938.366645267,364309.8577111884
2015-09-03 00:00:00-04:00,1142102.377909059,779580.8958862001,362521.48202285875
2015-09-04 00:00:00-04:00,1125141.7027263504,766932.8698108095,358208.8329155409
2015-09-08 00:00:00-04:00,1153801.5582180277,785494.4733708784,368307.0848471493
2015-09-09 00:00:00-04:00,1138987.0463795355,774817.4823846075,364169.56399492803
2015-09-10 00:00:00-04:00,1143441.9950542005,775310.2411568875,368131.7538973131
2015-09-11 00:00:00-04:00,1149582.0910955635,779416.6429621069,370165.4481334565
2015-09-14 00:00:00-04:00,1143860.870351895,774817.4823846075,369043.3879672874
2015-09-15 00:00:00-04:00,1156257.3806104725,782866.1904767258,373391.19013374666
2015-09-16 00:00:00-04:00,1165753.0402379648,790257.9655753574,375495.0746626074
2015-09-17 00:00:00-04:00,1165236.1358956876,789600.7964732113,375635.33942247636
2015-09-18 00:00:00-04:00,1148066.8541511586,777774.1137211736,370292.74042998505
2015-09-21 00:00:00-04:00,1153497.6014123452,782044.9258562593,371452.6755560858
2015-09-22 00:00:00-04:00,1139073.974736751,773174.8744407878,365899.1002959633
2015-09-23 00:00:00-04:00,1137505.710333886,771325.3566084002,366180.3537254859
2015-09-24 00:00:00-04:00,1136335.178314418,771490.5539671314,364844.62434728676
2015-09-25 00:00:00-04:00,1133902.6099129366,772151.1072933965,361751.50261953997
2015-09-28 00:00:00-04:00,1106925.8520920163,755472.8638069036,351452.9882851127
2015-09-29 00:00:00-04:00,1107409.864552506,757784.603691615,349625.2608608909
2015-09-30 00:00:00-04:00,1125532.0424831426,767857.6287270033,357674.4137561391
2015-10-01 00:00:00-04:00,1127148.7646833416,767857.6287270033,359291.1359563384
2015-10-02 00:00:00-04:00,1144669.4016454467,779086.5630561905,365582.8385892562
2015-10-05 00:00:00-04:00,1163777.66013837,792957.7106904379,370819.94944793195
2015-10-06 00:00:00-04:00,1157726.4454544918,788663.9173124988,369062.52814199287
2015-10-07 00:00:00-04:00,1167536.9651113183,796260.0838073308,371276.8813039874
2015-10-08 00:00:00-04:00,1179581.3855412751,806828.30740448,372753.0781367952
2015-10-09 00:00:00-04:00,1181599.326083505,807159.0169334882,374440.309150017
2015-10-12 00:00:00-04:00,1183668.7553214778,808314.6114157413,375354.1439057365
2015-10-13 00:00:00-04:00,1175794.3030967107,802865.4596642085,372928.84343250224
2015-10-14 00:00:00-04:00,1168756.7171216123,796425.3598689485,372331.35725266393
2015-10-15 00:00:00-04:00,1184119.6266214852,805672.4768135675,378447.14980791777
2015-10-16 00:00:00-04:00,1188673.8282839288,808644.8487274306,380028.9795564981
2015-10-19 00:00:00-04:00,1189532.0004371381,807323.8207777869,382208.17965935124
2015-10-20 00:00:00-04:00,1187893.6411892767,807653.7432779302,380239.8979113465
2015-10-21 00:00:00-04:00,1183592.533429104,805672.4768135675,377920.05661553645
2015-10-22 00:00:00-04:00,1208133.667114761,822516.0750645645,385617.5920501965
2015-10-23 00:00:00-04:00,1218098.3582736158,821690.1669737953,396408.19129982055
2015-10-26 00:00:00-04:00,1216858.096719953,820203.8629625341,396654.233757419
2015-10-27 00:00:00-04:00,1217006.1632469303,819543.467042042,397462.69620488846
2015-10-28 00:00:00-04:00,1224438.7206458473,823671.9843583634,400766.7362874837
2015-10-29 00:00:00-04:00,1224796.362704824,824662.3814818854,400133.98122293846
2015-10-30 00:00:00-04:00,1222508.7345599392,824167.1829201244,398341.5516398149
2015-11-02 00:00:00-05:00,1235099.0831024128,832258.5479767175,402840.53512569534
2015-11-03 00:00:00-05:00,1237495.9092368493,833249.3386146718,404246.5706221773
2015-11-04 00:00:00-05:00,1236209.8977306776,831928.2319621417,404281.6657685359
2015-11-05 00:00:00-05:00,1235781.0002450014,832589.0213970662,403191.9788479352
2015-11-06 00:00:00-05:00,1230612.6297056724,827139.3974282146,403473.23227745784
2015-11-09 00:00:00-05:00,1218067.8863337506,818882.8350128904,399185.0513208603
2015-11-10 00:00:00-05:00,1219690.8844085536,821525.1270208372,398165.75738771656
2015-11-11 00:00:00-05:00,1217712.594975086,820038.9804153489,397673.6145597369
2015-11-12 00:00:00-05:00,1200966.3741154985,807159.0169334882,393807.3571820103
2015-11-13 00:00:00-05:00,1186462.9097113486,800388.4437178794,386074.4659934692
2015-11-16 00:00:00-05:00,1205887.4254534505,814259.3552434674,391628.0702099831
2015-11-17 00:00:00-05:00,1204482.4179682718,812608.2473879074,391874.1705803643
2015-11-18 00:00:00-05:00,1222902.814588124,823506.7869996324,399396.02758849144
2015-11-19 00:00:00-05:00,1222523.5852279803,822846.3910791402,399677.1941488399
2015-11-20 00:00:00-05:00,1227046.042664308,824662.3814818854,402383.66118242266
2015-11-23 00:00:00-05:00,1229188.952872419,827965.2268160972,401223.72605632193
2015-11-24 00:00:00-05:00,1230158.185165598,829286.0186570814,400872.16650851653
2015-11-25 00:00:00-05:00,1230840.375539525,829616.6494832031,401223.72605632193
2015-11-27 00:00:00-05:00,1232888.4907076692,831102.402574259,401786.0881334102
2015-11-30 00:00:00-05:00,1226915.4217806305,826148.6854931467,400766.7362874837
2015-12-01 00:00:00-05:00,1238023.1182547961,833249.3386146718,404773.7796401242
2015-12-02 00:00:00-05:00,1227106.0169542744,824827.814949276,402278.20200499846
2015-12-03 00:00:00-05:00,1211370.2048803763,815910.8566134598,395459.3482669165
2015-12-04 00:00:00-05:00,1235310.8267738246,830607.4401211574,404703.38665266725
2015-12-07 00:00:00-05:00,1230675.6389393164,827799.9507544796,402875.68818483676
2015-12-08 00:00:00-05:00,1223775.3072792725,820864.4949916856,402910.8122875868
2015-12-09 00:00:00-05:00,1212045.2361503534,815250.3032871947,396794.93286315876
2015-12-10 00:00:00-05:00,1213507.444754363,814919.9085697324,398587.5361846306
2015-12-11 00:00:00-05:00,1191288.1997120783,801874.5116204811,389413.68809159717
2015-12-14 00:00:00-05:00,1201011.046310209,808644.8487274306,392366.19758277835
2015-12-15 00:00:00-05:00,1208189.8129396732,813433.5258555847,394756.2870840885
2015-12-16 00:00:00-05:00,1225619.0160758314,824992.7761993477,400626.2398764836
2015-12-17 00:00:00-05:00,1207729.8832626191,812938.3272938237,394791.55596879544
2015-12-18 00:00:00-05:00,1185790.2698399592,798571.8236920424,387218.4461479168
2015-12-21 00:00:00-05:00,1198678.6744141257,807159.0169334882,391519.6574806376
2015-12-22 00:00:00-05:00,1209741.099699846,815647.5954581689,394093.504241677
2015-12-23 00:00:00-05:00,1223630.9355202094,826611.301059903,397019.63446030644
2015-12-24 00:00:00-05:00,1221566.7170204718,824617.6782423621,396949.03877810977
2015-12-28 00:00:00-05:00,1221189.322019374,824451.6938547662,396737.6281646078
2015-12-29 00:00:00-05:00,1235071.0974586392,832093.1932122133,402977.90424642584
2015-12-30 00:00:00-05:00,1226622.3803926017,827275.8682333787,399346.5121592231
2015-12-31 00:00:00-05:00,1213843.3359392183,819467.9122710167,394375.42366820143
2016-01-04 00:00:00-05:00,1192400.0210671404,806345.0716814647,386054.94938567566
2016-01-05 00:00:00-05:00,1194553.854236421,809168.6951398719,385385.15909654903
2016-01-06 00:00:00-05:00,1180552.5995893814,798869.3993058405,381683.200283541
2016-01-07 00:00:00-05:00,1154148.207362944,784416.8734491315,369731.3339138125
2016-01-08 00:00:00-05:00,1141979.7518911893,775280.4127629098,366699.3391282794
2016-01-11 00:00:00-05:00,1141778.8662118756,773951.3571188448,367827.5090930308
2016-01-12 00:00:00-05:00,1153520.5760709753,781426.9507915823,372093.625279393
2016-01-13 00:00:00-05:00,1125237.9213206682,765977.6528775461,359260.268443122
2016-01-14 00:00:00-05:00,1142025.0994142087,775114.3496724273,366910.7497417814
2016-01-15 00:00:00-05:00,1121500.8384049102,765977.6528775461,355523.18552736397
2016-01-19 00:00:00-05:00,1122940.451601428,766641.6691308166,356298.78247061145
2016-01-20 00:00:00-05:00,1113541.840382214,758336.0748172125,355205.76556500146
2016-01-21 00:00:00-05:00,1117881.5097993142,762323.0843436348,355558.4254556795
2016-01-22 00:00:00-05:00,1141631.8064499751,775778.6020343571,365853.20441561803
2016-01-25 00:00:00-05:00,1127398.318589618,766974.5823406463,360423.7362489717
2016-01-26 00:00:00-05:00,1144097.3159247334,780429.9426255957,363667.37329913775
2016-01-27 00:00:00-05:00,1131880.31251708,777273.7994717913,354606.5130452887
2016-01-28 00:00:00-05:00,1140707.6081624606,781094.8246106175,359612.7835518431
2016-01-29 00:00:00-05:00,1168483.6821041296,801361.2900977152,367122.3920064144
2016-02-01 00:00:00-05:00,1170467.6436228424,802357.983452156,368109.6601706864
2016-02-02 00:00:00-05:00,1150871.246101767,790729.6319740595,360141.61412770755
2016-02-03 00:00:00-05:00,1156120.9132070472,797706.7215638038,358414.19164324336
2016-02-04 00:00:00-05:00,1160570.7065045405,802191.841658787,358378.86484575365
2016-02-05 00:00:00-05:00,1138656.4428439925,792722.8612771679,345933.5815668246
2016-02-08 00:00:00-05:00,1129215.0689259716,788570.0247689227,340645.04415704904
2016-02-09 00:00:00-05:00,1127991.0714524218,788403.8042726673,339587.2671797546
2016-02-10 00:00:00-05:00,1127302.0417260537,786410.2601580129,340891.7815680407
2016-02-11 00:00:00-05:00,1117173.7305842368,776775.4527945708,340398.27778966597
2016-02-12 00:00:00-05:00,1137639.509801281,792058.5302123516,345580.9795889293
2016-02-16 00:00:00-05:00,1157557.6779249106,804185.2283676683,353372.44955724233
2016-02-17 00:00:00-05:00,1174531.2827890578,813155.5472605212,361375.73552853666
2016-02-18 00:00:00-05:00,1168412.8472663544,811162.2392545262,357250.6080118281
2016-02-19 00:00:00-05:00,1168972.1699071506,810663.8138744194,358308.3560327311
2016-02-22 00:00:00-05:00,1183759.8983658506,819634.2901730451,364125.60819280555
2016-02-23 00:00:00-05:00,1170789.377764558,812657.2792861873,358132.0984783706
2016-02-24 00:00:00-05:00,1178196.1452798375,816644.210109723,361551.93517011445
2016-02-25 00:00:00-05:00,1191890.0459790109,826777.285447499,365112.760531512
2016-02-26 00:00:00-05:00,1188774.0064424712,824119.5676738012,364654.43876867
2016-02-29 00:00:00-05:00,1177853.8038448908,816478.0683163541,361375.73552853666
2016-03-01 00:00:00-05:00,1205400.5264658164,832425.5555018377,372974.97096397856
2016-03-02 00:00:00-05:00,1207534.9887135255,834418.9422107191,373116.0465028063
2016-03-03 00:00:00-05:00,1209986.2924695804,837575.478878956,372410.81359062437
2016-03-04 00:00:00-05:00,1214113.7976582337,841561.9374851729,372551.8601730608
2016-03-07 00:00:00-05:00,1215477.092979585,845216.8995335167,370260.19344606827
2016-03-08 00:00:00-05:00,1206927.721838479,839734.8499754334,367192.87186304556
2016-03-09 00:00:00-05:00,1210452.7406925913,840897.6064203567,369555.1342722347
2016-03-10 00:00:00-05:00,1209390.480916964,840399.4171489092,368991.0637680547
2016-03-11 00:00:00-05:00,1227636.669050037,852193.8317174881,375442.8373325488
2016-03-14 00:00:00-04:00,1226610.4184764344,850532.8860011175,376077.53247531684
2016-03-15 00:00:00-04:00,1223478.6042948014,847542.1763147037,375936.4279800977
2016-03-16 00:00:00-04:00,1233639.2237378354,854353.4389226249,379285.78481521044
2016-03-17 00:00:00-04:00,1244557.5654839748,865483.3650206146,379074.2004633602
2016-03-18 00:00:00-04:00,1247643.691173565,867975.3345153758,379668.3566581892
2016-03-21 00:00:00-04:00,1245972.4273124551,864818.9552529117,381153.4720595436
2016-03-22 00:00:00-04:00,1248467.974102121,866147.6173825443,382320.35671957675
2016-03-23 00:00:00-04:00,1240751.4088616418,861578.2064961363,379173.2023655055
2016-03-24 00:00:00-04:00,1240523.8917101559,861244.5062574416,379279.38545271434
2016-03-28 00:00:00-04:00,1242828.603402703,864079.699040162,378748.904362541
2016-03-29 00:00:00-04:00,1257916.554359537,873085.5916377059,384830.9627218313
2016-03-30 00:00:00-04:00,1262626.1277705291,875921.0205290858,386705.1072414433
2016-03-31 00:00:00-04:00,1258724.7838943717,872585.5134969829,386139.27039738884
2016-04-01 00:00:00-04:00,1269497.868021456,879256.6062640751,390241.2617573808
2016-04-04 00:00:00-04:00,1263175.9301155226,874419.8416722789,388756.0884432436
2016-04-05 00:00:00-04:00,1252590.0545816123,867582.3710031583,385007.683578454
2016-04-06 00:00:00-04:00,1266924.7388674675,875587.4776961642,391337.2611713034
2016-04-07 00:00:00-04:00,1253797.293088924,868082.2917381083,385715.00135081564
2016-04-08 00:00:00-04:00,1257517.2469080894,872085.1205447139,385432.1263633755
2016-04-11 00:00:00-04:00,1253267.592318994,869249.9277619935,384017.6645570005
2016-04-12 00:00:00-04:00,1265157.9074384398,877922.4349323886,387235.4725060512
2016-04-13 00:00:00-04:00,1275278.6448233058,883092.5849513335,392186.05987197225
2016-04-14 00:00:00-04:00,1274479.8702635441,882258.5704632564,392221.29980028776
2016-04-15 00:00:00-04:00,1275491.4230511663,884260.1422723322,391231.28077883425
2016-04-18 00:00:00-04:00,1281246.673256203,887929.1134344703,393317.55982173287
2016-04-19 00:00:00-04:00,1283178.564067902,892265.4850739975,390913.0789939044
2016-04-20 00:00:00-04:00,1279994.4087013816,888763.1279225474,391231.28077883425
2016-04-21 00:00:00-04:00,1270523.2427967906,879256.6062640751,391266.63653271535
2016-04-22 00:00:00-04:00,1268787.3354876004,883425.8916755957,385361.4438120047
2016-04-25 00:00:00-04:00,1268454.0287633382,883092.5849513335,385361.4438120047
2016-04-26 00:00:00-04:00,1269915.1551671696,886427.855874777,383487.2992923927
2016-04-27 00:00:00-04:00,1272509.4832344463,892098.7136575368,380410.7695769095
2016-04-28 00:00:00-04:00,1259406.6634493785,883592.6630920565,375814.0003573219
2016-04-29 00:00:00-04:00,1253423.9087166719,879590.1490969968,373833.75961967517
2016-05-02 00:00:00-04:00,1264298.7057165762,886928.8784501378,377369.82726643846
2016-05-03 00:00:00-04:00,1255627.3715874301,881758.256213874,373869.11537355627
2016-05-04 00:00:00-04:00,1250387.8553826544,878923.2208369265,371464.6345457278
2016-05-05 00:00:00-04:00,1249947.6074987098,878589.1270837995,371358.48041491036
2016-05-06 00:00:00-04:00,1256264.5428537175,882925.7348319863,373338.8080217312
2016-05-09 00:00:00-04:00,1259326.687786236,884927.149235289,374399.5385509469
2016-05-10 00:00:00-04:00,1272959.7896754968,893432.8849892233,379526.9046862734
2016-05-11 00:00:00-04:00,1260690.4112105307,884593.4489965944,376096.9622139362
2016-05-12 00:00:00-04:00,1263198.0222273753,888763.1279225474,374434.894304828
2016-05-13 00:00:00-04:00,1251644.886379742,878589.1270837995,373055.7592959427
2016-05-16 00:00:00-04:00,1264985.5573558335,887262.027768627,377723.5295872064
2016-05-17 00:00:00-04:00,1248739.5203856488,875754.3278155114,372985.19257013744
2016-05-18 00:00:00-04:00,1243578.7548051781,869249.9277619935,374328.8270431847
2016-05-19 00:00:00-04:00,1241133.6053185253,868749.6922154975,372383.91310302773
2016-05-20 00:00:00-04:00,1248070.6818019596,871584.8062953315,376485.87550662825
2016-05-23 00:00:00-04:00,1247575.6143784502,871584.8062953315,375990.80808311875
2016-05-24 00:00:00-04:00,1265280.9112601478,881758.256213874,383522.6550462738
2016-05-25 00:00:00-04:00,1271707.9705354203,885427.3060788985,386280.66445652186
2016-05-26 00:00:00-04:00,1273006.5151329804,885594.2349011323,387412.28023184807
2016-05-27 00:00:00-04:00,1278024.0676574018,888596.2778032001,389427.78985420166
2016-05-31 00:00:00-04:00,1276431.8129038115,886261.3205669756,390170.4923368358
2016-06-01 00:00:00-04:00,1278635.0686223016,888429.1915751933,390205.8770471083
2016-06-02 00:00:00-04:00,1282950.76551879,891931.7061324165,391019.05938637356
2016-06-03 00:00:00-04:00,1280945.3501185551,891764.9347159556,389180.41540259955
2016-06-06 00:00:00-04:00,1285695.5342755888,895100.5991538315,390594.93512175727
2016-06-07 00:00:00-04:00,1285872.68351823,896267.9990690573,389604.6844491727
2016-06-08 00:00:00-04:00,1290880.9303070637,900604.3707085846,390276.5595984791
2016-06-09 00:00:00-04:00,1290077.7263643516,900437.5992921237,389640.12707222794
2016-06-10 00:00:00-04:00,1280487.2547511035,895267.2918674059,385219.96288369753
2016-06-13 00:00:00-04:00,1271432.3106102548,889430.2135883906,382002.0970218641
2016-06-14 00:00:00-04:00,1272099.238870325,890097.141848461,382002.0970218641
2016-06-15 00:00:00-04:00,1269669.080748532,888763.1279225474,380905.95282598457
2016-06-16 00:00:00-04:00,1275970.7017608462,893933.2779414923,382037.4238193538
2016-06-17 00:00:00-04:00,1269491.197762427,891931.7061324165,377559.4916300103
2016-06-20 00:00:00-04:00,1278204.2431766496,898269.2560665872,379934.9871100624
2016-06-21 00:00:00-04:00,1279576.9413837872,898436.4997003669,381140.4416834204
2016-06-22 00:00:00-04:00,1277766.7164814076,897548.101517729,380218.6149636786
2016-06-23 00:00:00-04:00,1293914.5385113298,908271.2910983663,385643.2474129636
2016-06-24 00:00:00-04:00,1249380.0079374185,879620.5284111799,369759.4795262387
2016-06-27 00:00:00-04:00,1229474.9973307424,867054.7468521657,362420.25047857675
2016-06-28 00:00:00-04:00,1250317.744455471,879955.5665989447,370362.1778565263
2016-06-29 00:00:00-04:00,1271453.7647365755,894532.4430162994,376921.321720276
2016-06-30 00:00:00-04:00,1292904.344745159,911621.9877875607,381282.3569575983
2016-07-01 00:00:00-04:00,1294986.491622574,911789.6249357729,383196.866686801
2016-07-05 00:00:00-04:00,1289630.4157061065,908773.5729199108,380856.8427861956
2016-07-06 00:00:00-04:00,1298112.3371282625,914135.4431703321,383976.89395793044
2016-07-07 00:00:00-04:00,1298576.7224207025,913465.288091916,385111.4343287865
2016-07-08 00:00:00-04:00,1318439.2596700112,927371.3798077626,391067.87986224866
2016-07-11 00:00:00-04:00,1322683.391980308,929381.8450430111,393301.546937297
2016-07-12 00:00:00-04:00,1329862.991101439,934576.0781452203,395286.9129562188
2016-07-13 00:00:00-04:00,1330078.6182521058,935748.829856727,394329.7883953787
2016-07-14 00:00:00-04:00,1334616.053876073,937591.8153495364,397024.2385265367
2016-07-15 00:00:00-04:00,1333810.4621366824,937424.3356070973,396386.12652958516
2016-07-18 00:00:00-04:00,1336266.4975327956,937256.7771617715,399009.72037102404
2016-07-19 00:00:00-04:00,1333472.5267819406,935916.3883020526,397556.1384798879
2016-07-20 00:00:00-04:00,1340127.7546011177,937927.0109430742,402200.74365804356
2016-07-21 00:00:00-04:00,1334011.686612879,932732.8565437514,401278.8300691276
2016-07-22 00:00:00-04:00,1340034.1950883386,937088.9826077864,402945.21248055215
2016-07-25 00:00:00-04:00,1338897.130274834,935916.3883020526,402980.7419727816
2016-07-26 00:00:00-04:00,1339190.4996675751,935748.829856727,403441.6698108482
2016-07-27 00:00:00-04:00,1335792.1245308472,929549.5608941098,406242.56363673747
2016-07-28 00:00:00-04:00,1339723.5988986057,932062.7801682218,407660.8187303839
2016-07-29 00:00:00-04:00,1340945.0917196558,932397.9757617596,408547.1159578963
2016-08-01 00:00:00-04:00,1340259.400768161,929549.5608941098,410709.8398740513
2016-08-02 00:00:00-04:00,1332783.2027422874,925193.3561271883,407589.8466150992
2016-08-03 00:00:00-04:00,1333795.3109172152,924858.239236537,408937.0716806782
2016-08-04 00:00:00-04:00,1336138.1324918075,926030.9909480438,410107.1415437637
2016-08-05 00:00:00-04:00,1345100.0631495595,931057.4294962678,414042.6336532918
2016-08-08 00:00:00-04:00,1344639.1932242757,931057.4294962678,413581.76372800797
2016-08-09 00:00:00-04:00,1345596.4625670728,931057.4294962678,414539.033070805
2016-08-10 00:00:00-04:00,1345203.2194195066,931727.8993862299,413475.3200332767
2016-08-11 00:00:00-04:00,1351331.9065246466,936083.7893416054,415248.1171830412
2016-08-12 00:00:00-04:00,1351112.8716661017,935581.2714114013,415531.6002547004
2016-08-15 00:00:00-04:00,1353388.2157024615,936083.7893416054,417304.4263608563
2016-08-16 00:00:00-04:00,1347062.712120702,932062.7801682218,414999.9319524802
2016-08-17 00:00:00-04:00,1347974.7973013192,932230.3386135475,415744.45868777164
2016-08-18 00:00:00-04:00,1349756.5522179685,933905.7656610311,415850.7865569374
2016-08-19 00:00:00-04:00,1348812.668230834,933068.2095430623,415744.45868777164
2016-08-22 00:00:00-04:00,1349466.6194894973,933403.0903250541,416063.5291644431
2016-08-23 00:00:00-04:00,1351551.7214466718,934743.636590546,416808.0848561258
2016-08-24 00:00:00-04:00,1344333.4583567716,930219.7946754125,414113.66368135926
2016-08-25 00:00:00-04:00,1342821.7224532326,929381.8450430111,413439.87741022144
2016-08-26 00:00:00-04:00,1340241.183046661,926198.5493933694,414042.6336532918
2016-08-29 00:00:00-04:00,1348012.9796855783,933403.0903250541,414609.8893605242
2016-08-30 00:00:00-04:00,1343984.8194947885,930722.1551998435,413262.6642949452
2016-08-31 00:00:00-04:00,1340208.6168004791,927371.3798077626,412837.2369927166
2016-09-01 00:00:00-04:00,1341272.214012442,927371.3798077626,413900.8342046794
2016-09-02 00:00:00-04:00,1346976.0165692712,931727.8993862299,415248.1171830412
2016-09-06 00:00:00-04:00,1350569.2407707418,932732.8565437514,417836.38422699034
2016-09-07 00:00:00-04:00,1347801.415565648,929716.9619336624,418084.4536319857
2016-09-08 00:00:00-04:00,1340664.0859062416,925025.9550876357,415638.1308186059
2016-09-09 00:00:00-04:00,1303899.5753790631,898720.6958234627,405178.87955560046
2016-09-12 00:00:00-04:00,1324069.1821883211,911621.9877875607,412447.1944007605
2016-09-13 00:00:00-04:00,1305302.659157672,896542.8295486615,408759.82960901054
2016-09-14 00:00:00-04:00,1305409.6839299034,894699.844055852,410709.8398740513
2016-09-15 00:00:00-04:00,1318828.402636284,901736.7478393246,417091.65479695925
2016-09-16 00:00:00-04:00,1313938.208482679,897045.4261817519,416892.782300927
2016-09-19 00:00:00-04:00,1314973.8871705567,899893.9197522883,415079.96741826844
2016-09-20 00:00:00-04:00,1316928.5067384255,901066.5140580221,415861.9926804034
2016-09-21 00:00:00-04:00,1331170.688787789,911221.1539866948,419949.5348010942
2016-09-22 00:00:00-04:00,1341416.397282649,918125.7582179868,423290.6390646622
2016-09-23 00:00:00-04:00,1332652.3071193835,912063.0387634202,420589.2683559632
2016-09-26 00:00:00-04:00,1322229.0506563666,905158.5919379012,417070.4587184654
2016-09-27 00:00:00-04:00,1332582.971879488,911389.4994608852,421193.47241860285
2016-09-28 00:00:00-04:00,1337166.9777376691,915262.6259105643,421904.35182710487
2016-09-29 00:00:00-04:00,1324848.5482588832,906000.9489319456,418847.59932693763
2016-09-30 00:00:00-04:00,1336901.747454467,914926.2497737292,421975.4976807378
2016-10-03 00:00:00-04:00,1333097.5337738595,911726.2691121527,421371.2646617068
2016-10-04 00:00:00-04:00,1323364.245229719,902632.8589048381,420731.3863248809
2016-10-05 00:00:00-04:00,1326204.2574618175,903979.9375099081,422224.31995190924
2016-10-06 00:00:00-04:00,1327843.4732249493,905832.4460519821,422011.02717296727
2016-10-07 00:00:00-04:00,1319846.4589913008,898759.575049386,421086.88394191465
2016-10-10 00:00:00-04:00,1323690.8967229805,899938.2294773791,423752.6672456015
2016-10-11 00:00:00-04:00,1304849.6588576012,887139.408671484,417710.2501861172
2016-10-12 00:00:00-04:00,1307357.5667793285,890002.6983846795,417354.868394649
2016-10-13 00:00:00-04:00,1303675.3341688549,887813.3414884515,415861.9926804034
2016-10-14 00:00:00-04:00,1304172.8918420235,887813.3414884515,416359.550353572
2016-10-17 00:00:00-04:00,1299667.3658049214,884445.251461344,415222.1143435774
2016-10-18 00:00:00-04:00,1305384.9375273534,886466.1054776085,418918.8320497448
2016-10-19 00:00:00-04:00,1303665.2575910564,884782.099815498,418883.1577755584
2016-10-20 00:00:00-04:00,1300641.6231168874,882256.051970889,418385.57114599843
2016-10-21 00:00:00-04:00,1300521.7385156457,880572.2037145514,419949.5348010942
2016-10-24 00:00:00-04:00,1308094.65743629,883097.9367476144,424996.72068867565
2016-10-25 00:00:00-04:00,1299839.680807815,876193.8047336413,423645.87607417355
2016-10-26 00:00:00-04:00,1297465.9143790961,876698.9985619858,420766.9158171103
2016-10-27 00:00:00-04:00,1289652.3813143205,870804.7819873828,418847.59932693763
2016-10-28 00:00:00-04:00,1287358.8763640267,871141.4729357638,416217.40342826303
2016-10-31 00:00:00-04:00,1288651.9833662559,872825.6360036473,415826.3473626085
2016-11-01 00:00:00-04:00,1279798.7314183288,867100.0797147808,412698.6517035479
2016-11-02 00:00:00-04:00,1274977.3100969056,865584.2621210878,409393.0479758179
2016-11-03 00:00:00-04:00,1269613.8560148815,864237.2622189042,405376.5937959773
2016-11-04 00:00:00-04:00,1268192.0971978775,864237.2622189042,403954.8349789733
2016-11-07 00:00:00-05:00,1294460.6803595691,880908.9733658188,413551.70699375035
2016-11-08 00:00:00-05:00,1302214.0019755294,885961.0690550369,416252.9329204924
2016-11-09 00:00:00-05:00,1314405.8345282248,896233.527204777,418172.30732344784
2016-11-10 00:00:00-05:00,1312030.7506789844,900611.7687799141,411418.9818990702
2016-11-11 00:00:00-05:00,1306819.5907124286,895222.9034394285,411596.687273
2016-11-14 00:00:00-05:00,1303503.002833386,896064.945621927,407438.057211459
2016-11-15 00:00:00-05:00,1314711.9555325082,901622.3925452626,413089.56298724556
2016-11-16 00:00:00-05:00,1315311.9954279617,899769.8840031886,415542.1114247732
2016-11-17 00:00:00-05:00,1319848.8415011405,901285.622893995,418563.2186071455
2016-11-18 00:00:00-05:00,1315085.2906989008,898086.035746851,416999.2549520497
2016-11-21 00:00:00-05:00,1324473.6802433822,903137.9740302961,421335.706213086
2016-11-22 00:00:00-05:00,1327437.239884405,904821.9796924066,422615.26019199827
2016-11-23 00:00:00-05:00,1328089.0388266868,907179.9181714846,420909.1206552021
2016-11-25 00:00:00-05:00,1333986.0895999,911726.2691121527,422259.82048774726
2016-11-28 00:00:00-05:00,1328816.4710291764,907516.2943083197,421300.17672085663
2016-11-29 00:00:00-05:00,1331621.3101607987,908863.8451307087,422757.46503009007
2016-11-30 00:00:00-05:00,1320608.6831420946,902969.5498532191,417639.13328887563
2016-12-01 00:00:00-05:00,1312719.4962128007,902295.7744420246,410423.721770776
2016-12-02 00:00:00-05:00,1314379.2215990452,903137.9740302961,411241.247568749
2016-12-05 00:00:00-05:00,1322293.4470624719,907853.3000682467,414440.1469942252
2016-12-06 00:00:00-05:00,1324467.519024532,909032.1119020126,415435.40712251945
2016-12-07 00:00:00-05:00,1341516.252644385,920820.3089425593,420695.9437018256
2016-12-08 00:00:00-05:00,1343272.8049268583,921830.5391934753,421442.2657333829
2016-12-09 00:00:00-05:00,1350451.7712129266,925703.9017518138,424747.8694611129
2016-12-12 00:00:00-05:00,1350553.1513332454,927724.5983623053,422828.55297094025
2016-12-13 00:00:00-05:00,1358410.786575332,930250.7249098009,428160.0616655311
2016-12-14 00:00:00-05:00,1345397.2640574775,918125.7582179868,427271.5058394907
2016-12-15 00:00:00-05:00,1348430.1010256128,920483.3031826323,427946.7978429805
2016-12-16 00:00:00-05:00,1346675.458352281,920315.0364113282,426360.4219409527
2016-12-19 00:00:00-05:00,1351284.8422160863,923177.5390956588,428107.3031204276
2016-12-20 00:00:00-05:00,1355619.3300004615,925872.1685231179,429747.1614773435
2016-12-21 00:00:00-05:00,1351802.2459012195,922375.9501968134,429426.2957044062
2016-12-22 00:00:00-05:00,1347705.1983508645,919491.0171898347,428214.1811610297
2016-12-23 00:00:00-05:00,1348160.0443164846,919660.7006130954,428499.3437033893
2016-12-27 00:00:00-05:00,1353594.7718865671,922885.1578723687,430709.6140141985
2016-12-28 00:00:00-05:00,1341758.2264686464,914399.6487602609,427358.5777083854
2016-12-29 00:00:00-05:00,1343358.6417422323,916606.0054799695,426752.6362622627
2016-12-30 00:00:00-05:00,1337276.4318221947,914908.7777329296,422367.65408926504
2017-01-03 00:00:00-05:00,1343940.6624548114,917794.0255514543,426146.63690335717
2017-01-04 00:00:00-05:00,1352536.9550323342,924073.2566467398,428463.6983855943
2017-01-05 00:00:00-05:00,1352245.7563394927,921357.7709543625,430887.98538513016
2017-01-06 00:00:00-05:00,1356872.9869890686,922206.4241793257,434666.5628097429
2017-01-09 00:00:00-05:00,1352359.1589369457,916266.638633448,436092.52030349773
2017-01-10 00:00:00-05:00,1352472.974581413,915417.8280027119,437055.14657870104
2017-01-11 00:00:00-05:00,1356534.4763069632,918302.9184154635,438231.55789149983
2017-01-12 00:00:00-05:00,1353650.850382863,916096.6403986413,437554.20998422167
2017-01-13 00:00:00-05:00,1355318.0967470144,916266.638633448,439051.4581135664
2017-01-17 00:00:00-05:00,1357053.7413833789,919321.3337665739,437732.40761680505
2017-01-18 00:00:00-05:00,1360490.7218863359,921866.9786299176,438623.7432564184
2017-01-19 00:00:00-05:00,1356034.076862173,917624.263425307,438409.813436866
2017-01-20 00:00:00-05:00,1360220.974034485,920848.5632788072,439372.41075567785
2017-01-23 00:00:00-05:00,1358710.7647746094,918982.045622939,439728.7191516704
2017-01-24 00:00:00-05:00,1368458.0129061374,925770.3269880068,442687.68591813045
2017-01-25 00:00:00-05:00,1378174.9900908628,931031.3788408414,447143.6112500214
2017-01-26 00:00:00-05:00,1375074.6917320716,927467.6334379332,447607.05829413846
2017-01-27 00:00:00-05:00,1372705.9329609047,924243.0974757735,448462.8354851311
2017-01-30 00:00:00-05:00,1366326.9019933264,921357.7709543625,444969.131038964
2017-01-31 00:00:00-05:00,1365266.1064152957,921188.1662339881,444077.94018130755
2017-02-01 00:00:00-05:00,1362561.4392527333,915417.8280027119,447143.6112500214
2017-02-02 00:00:00-05:00,1364036.525158628,917284.8965787855,446751.6285798425
2017-02-03 00:00:00-05:00,1370750.450295134,922715.4744491079,448034.97584602615
2017-02-06 00:00:00-05:00,1368230.3562260456,919660.7006130954,448569.65561295033
2017-02-07 00:00:00-05:00,1373264.5579602353,923054.8412956294,450209.71666460595
2017-02-08 00:00:00-05:00,1375879.9049786644,924921.7524659301,450958.1525127343
2017-02-09 00:00:00-05:00,1383119.945926277,930521.9350566267,452598.0108696502
2017-02-10 00:00:00-05:00,1388520.9938409259,934425.6769291483,454095.3169117777
2017-02-13 00:00:00-05:00,1395669.741468034,939007.7589802804,456661.9824877536
2017-02-14 00:00:00-05:00,1399238.9644436843,941044.1174651824,458194.84697850194
2017-02-15 00:00:00-05:00,1408057.9616576047,947153.6651372073,460904.2965203973
2017-02-16 00:00:00-05:00,1407915.322473642,947153.6651372073,460761.65733643476
2017-02-17 00:00:00-05:00,1414663.1759980568,951905.3519087137,462757.8240893432
2017-02-21 00:00:00-05:00,1424921.5477210064,959882.0468596986,465039.5008613079
2017-02-22 00:00:00-05:00,1423233.1779512265,958015.4505009438,465217.7274502826
2017-02-23 00:00:00-05:00,1419958.7316578687,956487.8274742782,463470.9041835905
2017-02-24 00:00:00-05:00,1424413.8253242064,960051.7302829594,464362.09504124697
2017-02-27 00:00:00-05:00,1423287.4112117798,958354.8173474653,464932.59386431443
2017-02-28 00:00:00-05:00,1418467.0977169354,954960.5192591585,463506.5784577768
2017-03-01 00:00:00-05:00,1435069.37960121,966500.6448015057,468568.7347997043
2017-03-02 00:00:00-05:00,1427455.5630355605,961239.5929486711,466215.97008688946
2017-03-03 00:00:00-05:00,1427123.1300841449,960051.7302829594,467071.3998011854
2017-03-06 00:00:00-05:00,1423883.2663006508,957845.6096719102,466037.65662874054
2017-03-07 00:00:00-05:00,1419534.7566534728,954281.4707545695,465253.2858989034
2017-03-08 00:00:00-05:00,1419676.1466673398,953602.815764413,466073.3309029269
2017-03-09 00:00:00-05:00,1419014.5282621162,952584.7152248485,466429.81303726777
2017-03-10 00:00:00-05:00,1426914.9013221778,958524.4220678397,468390.4792543382
2017-03-13 00:00:00-04:00,1428887.163674118,959712.2847335513,469174.87894056673
2017-03-14 00:00:00-04:00,1422994.3426408076,954960.5192591585,468033.82338164904
2017-03-15 00:00:00-04:00,1437761.7183128144,966840.2477566866,470921.4705561278
2017-03-16 00:00:00-04:00,1434046.6829009517,963446.1070741527,470600.5758267991
2017-03-17 00:00:00-04:00,1436767.3462996033,966331.0400811314,470436.3062184719
2017-03-20 00:00:00-04:00,1434480.9534961134,963615.9479031864,470865.005592927
2017-03-21 00:00:00-04:00,1419189.9122342095,955469.4908260542,463720.4214081551
2017-03-22 00:00:00-04:00,1424615.7891672028,957751.7171283341,466864.07203886873
2017-03-23 00:00:00-04:00,1423777.1988859042,958092.0284094934,465685.1704764108
2017-03-24 00:00:00-04:00,1422868.7360339875,956219.0571169334,466649.67891705415
2017-03-27 00:00:00-04:00,1421064.486801648,953664.5188274169,467399.9679742311
2017-03-28 00:00:00-04:00,1429201.2968376656,958943.5936412564,470257.70319640916
2017-03-29 00:00:00-04:00,1430699.2573789242,958262.4988616189,472436.75851730537
2017-03-30 00:00:00-04:00,1430803.8898219906,957581.167973322,473222.7218486687
2017-03-31 00:00:00-04:00,1430141.7690820252,957240.4631777302,472901.30590429506
2017-04-03 00:00:00-04:00,1428152.9674849105,955537.4901199769,472615.47736493364
2017-04-04 00:00:00-04:00,1427030.0825547879,953664.5188274169,473365.5637273709
2017-04-05 00:00:00-04:00,1424079.3737575498,952642.7979550741,471436.57580247574
2017-04-06 00:00:00-04:00,1426032.1201898619,954345.534904168,471686.5852856939
2017-04-07 00:00:00-04:00,1426463.4415949406,955026.8657924649,471436.57580247574
2017-04-10 00:00:00-04:00,1428345.1461241385,956729.9962559913,471615.1498681471
2017-04-11 00:00:00-04:00,1427500.883440225,957921.7153631407,469579.16807708424
2017-04-12 00:00:00-04:00,1422201.8642401972,954516.241464953,467685.62277524424
2017-04-13 00:00:00-04:00,1414724.2670583667,948896.2257468622,465828.0413115045
2017-04-17 00:00:00-04:00,1425905.2769729681,956219.0571169334,469686.2198560346
2017-04-18 00:00:00-04:00,1421784.840066324,952813.0322985402,468971.80776778364
2017-04-19 00:00:00-04:00,1421342.9006763534,951620.9196769584,469721.98099939513
2017-04-20 00:00:00-04:00,1432935.756782651,959284.2197339617,473651.5370486893
2017-04-21 00:00:00-04:00,1430955.26595135,957411.0123327423,473544.2536186078
2017-04-24 00:00:00-04:00,1447740.2639658423,968480.3372081388,479259.92675770365
2017-04-25 00:00:00-04:00,1457676.6753821243,974951.6820493332,482724.9933327909
2017-04-26 00:00:00-04:00,1455806.098177816,973759.7268335243,482046.3713442918
2017-04-27 00:00:00-04:00,1460913.3203780015,975973.4816245625,484939.83875343896
2017-04-28 00:00:00-04:00,1457172.7183026057,971375.422887474,485797.29541513184
2017-05-01 00:00:00-04:00,1459792.2476915289,969672.3711268342,490119.8765646948
2017-05-02 00:00:00-04:00,1458910.9040730377,967969.4767719674,490941.4273010703
2017-05-03 00:00:00-04:00,1455806.275818703,966436.6593547937,489369.6164639092
2017-05-04 00:00:00-04:00,1460242.2951525736,970694.24940495,489548.0457476236
2017-05-05 00:00:00-04:00,1466286.1634070636,974951.6820493332,491334.48135773046
2017-05-08 00:00:00-04:00,1464121.5812175055,971715.6554657468,492405.9257517586
2017-05-09 00:00:00-04:00,1464985.0911724295,970864.4837484161,494120.6074240134
2017-05-10 00:00:00-04:00,1465781.7719816747,971375.422887474,494406.34909420065
2017-05-11 00:00:00-04:00,1461812.454305627,967798.9276169552,494013.5266886716
2017-05-12 00:00:00-04:00,1459684.3452941668,964563.2945478014,495121.05074636545
2017-05-15 00:00:00-04:00,1466705.7429775004,970012.9972195395,496692.74575796106
2017-05-16 00:00:00-04:00,1465882.5242244417,967117.8328373177,498764.69138712407
2017-05-17 00:00:00-04:00,1445367.4016012377,959284.2197339617,486083.1818672761
2017-05-18 00:00:00-04:00,1451832.3065818204,961498.2106336594,490334.0959481611
2017-05-19 00:00:00-04:00,1460886.2629598975,968480.3372081388,492405.9257517586
2017-05-22 00:00:00-04:00,1470309.485930826,973759.7268335243,496549.75909730187
2017-05-23 00:00:00-04:00,1468936.2143356283,971886.2046207589,497050.0097148693
2017-05-24 00:00:00-04:00,1473266.388345724,973930.0398798769,499336.34846584697
2017-05-25 00:00:00-04:00,1479731.309658882,976143.8733738016,503587.43628508033
2017-05-26 00:00:00-04:00,1480964.7934561279,976484.3420607339,504480.45139539405
2017-05-30 00:00:00-04:00,1480371.6642989623,975462.5424855046,504909.12181345775
2017-05-31 00:00:00-04:00,1483428.9096646095,978698.3329604316,504730.5767041778
2017-06-01 00:00:00-04:00,1494759.7373191698,988064.5273723018,506695.20994686795
2017-06-02 00:00:00-04:00,1502590.4034460634,990107.9691169873,512482.4343290761
2017-06-05 00:00:00-04:00,1501801.996279953,989426.8743373498,512375.1219426032
2017-06-06 00:00:00-04:00,1493976.137151662,983636.9390873389,510339.19806432317
2017-06-07 00:00:00-04:00,1495976.3288429729,983636.9390873389,512339.3897556341
2017-06-08 00:00:00-04:00,1495320.1366556163,982444.5903570974,512875.54629851895
2017-06-09 00:00:00-04:00,1492713.3837861673,992662.5074065038,500050.8763796635
2017-06-12 00:00:00-04:00,1492418.079606024,995046.6539467811,497371.42565924296
2017-06-13 00:00:00-04:00,1500371.5021522343,998963.3817955726,501408.1203566617
2017-06-14 00:00:00-04:00,1498873.8066760264,999644.7126838696,499229.0939921569
2017-06-15 00:00:00-04:00,1496488.7558683038,999474.4783404035,497014.27752790024
2017-06-16 00:00:00-04:00,1492288.600513055,997430.879189945,494857.72132311016
2017-06-19 00:00:00-04:00,1506183.1530531188,1003050.7375022627,503132.41555085627
2017-06-20 00:00:00-04:00,1495941.967169736,996749.705707421,499192.26146231516
2017-06-21 00:00:00-04:00,1494304.8594395574,990169.2786655588,504135.5807739986
2017-06-22 00:00:00-04:00,1493648.7344165472,989656.3719543389,503992.3624622083
2017-06-23 00:00:00-04:00,1496779.2102001696,990852.734531791,505926.4756683787
2017-06-26 00:00:00-04:00,1496807.844984468,993245.774498241,503562.07048622705
2017-06-27 00:00:00-04:00,1481520.3770032972,987092.3106155577,494428.0663877394
2017-06-28 00:00:00-04:00,1493776.437649344,992220.118481574,501556.31916777015
2017-06-29 00:00:00-04:00,1475842.0129452962,982990.1587662086,492851.85417908774
2017-06-30 00:00:00-04:00,1480465.1164578595,987434.1959544468,493030.92050341266
2017-07-03 00:00:00-04:00,1480057.3048006056,992220.118481574,487837.1863190317
2017-07-05 00:00:00-04:00,1484002.5023823525,991365.5625401244,492636.9398422282
2017-07-06 00:00:00-04:00,1470502.021867658,982306.7028999765,488195.3189676815
2017-07-07 00:00:00-04:00,1481236.9047158258,987775.9238875628,493460.98082826287
2017-07-10 00:00:00-04:00,1481042.5697412689,984357.7001217646,496684.8696195043
2017-07-11 00:00:00-04:00,1479191.730660792,981109.946808092,498081.7838527
2017-07-12 00:00:00-04:00,1490059.0957639855,986066.7333017772,503992.3624622083
2017-07-13 00:00:00-04:00,1492878.4743954726,987775.9238875628,505102.5505079096
2017-07-14 00:00:00-04:00,1500614.763797112,991536.2691009095,509078.4946962026
2017-07-17 00:00:00-04:00,1501891.240075956,992561.9251175765,509329.31495837955
2017-07-18 00:00:00-04:00,1503072.2137200823,990339.8278205709,512732.3858995115
2017-07-19 00:00:00-04:00,1508815.8447059933,993074.8318287965,515741.01287719683
2017-07-20 00:00:00-04:00,1509667.5521368994,993245.774498241,516421.7776386584
2017-07-21 00:00:00-04:00,1512699.9188963936,996493.0555945947,516206.8633017989
2017-07-24 00:00:00-04:00,1513525.9440040633,994954.9650840266,518570.97892003664
2017-07-25 00:00:00-04:00,1517841.1879319383,1000595.6009583763,517245.58697356196
2017-07-26 00:00:00-04:00,1514909.5915961824,995980.3062891477,518929.28530703473
2017-07-27 00:00:00-04:00,1516265.2073744177,1000595.6009583763,515669.6064160414
2017-07-28 00:00:00-04:00,1512587.4887713566,997347.7689418172,515239.71982953954
2017-07-31 00:00:00-04:00,1511257.07412178,998202.4035861533,513054.67053562665
2017-08-01 00:00:00-04:00,1514490.1499427906,1000253.4795108278,514236.67043196276
2017-08-02 00:00:00-04:00,1513665.140617329,998031.3822138222,515633.75840350677
2017-08-03 00:00:00-04:00,1511146.4662550767,997518.6329083752,513627.8333467015
2017-08-04 00:00:00-04:00,1513103.4177314686,998544.2889250423,514559.12880642625
2017-08-07 00:00:00-04:00,1517559.5007801214,999740.8089082673,517818.69187185407
2017-08-08 00:00:00-04:00,1512049.2308810216,995125.9864563575,516923.244424664
2017-08-09 00:00:00-04:00,1512735.7669089283,996493.0555945947,516242.7113143335
2017-08-10 00:00:00-04:00,1492437.7151365369,987263.4106907753,505174.30444576166
2017-08-11 00:00:00-04:00,1495757.1823675947,986750.2678708958,509006.9144966988
2017-08-14 00:00:00-04:00,1510174.9268050191,994612.9223393645,515562.00446565467
2017-08-15 00:00:00-04:00,1508823.984693449,992903.731753579,515920.25293987006
2017-08-16 00:00:00-04:00,1513479.8768469759,996664.2343726986,516815.64247427735
2017-08-17 00:00:00-04:00,1491119.0523259325,984870.2920214387,506248.76030449383
2017-08-18 00:00:00-04:00,1487000.4586383705,981109.946808092,505890.5118302785
2017-08-21 00:00:00-04:00,1488577.8916276838,983332.122807984,505245.7688196999
2017-08-22 00:00:00-04:00,1503970.7621190508,991023.5197954625,512947.2423235883
2017-08-23 00:00:00-04:00,1496844.9791127613,985724.7692600017,511120.20985275967
2017-08-24 00:00:00-04:00,1489871.1795712817,980255.312163756,509615.8674075256
2017-08-25 00:00:00-04:00,1493411.5298318837,984870.2920214387,508541.2378104451
2017-08-28 00:00:00-04:00,1493791.2636375178,983673.9294439866,510117.3341935312
2017-08-29 00:00:00-04:00,1496139.1156134193,984015.9721886485,512123.14342477085
2017-08-30 00:00:00-04:00,1505062.580562742,986921.6040547728,518140.97650796926
2017-08-31 00:00:00-04:00,1515571.7135242955,991878.2331426849,523693.4803816105
2017-09-01 00:00:00-04:00,1517419.3937402114,994442.2944814661,522977.0992587453
2017-09-05 00:00:00-04:00,1510162.8333519239,991878.2331426849,518284.6002092389
2017-09-06 00:00:00-04:00,1515328.4317719024,995467.7930923601,519860.63867954223
2017-09-07 00:00:00-04:00,1517400.8935350054,996322.3490338096,521078.5445011958
2017-09-08 00:00:00-04:00,1516647.7852330669,1000082.6155442698,516565.169688797
2017-09-11 00:00:00-04:00,1530456.4980567782,1007945.1913098522,522511.3067469261
2017-09-12 00:00:00-04:00,1533419.5835499496,1009654.6967071836,523764.88684276596
2017-09-13 00:00:00-04:00,1533281.2305354886,1008799.9046570746,524481.3258784139
2017-09-14 00:00:00-04:00,1531568.076163961,1010167.1312010847,521400.94496287644
2017-09-15 00:00:00-04:00,1534726.4545011146,1011534.6725566408,523191.7819444738
2017-09-18 00:00:00-04:00,1536775.866196805,1014269.5978619799,522506.26833482506
2017-09-19 00:00:00-04:00,1538357.0904790664,1014953.2898368714,523403.80064219487
2017-09-20 00:00:00-04:00,1538621.4155148054,1016833.2656863285,521788.14982847683
2017-09-21 00:00:00-04:00,1530298.8905674885,1011705.6152260853,518593.2753414031
2017-09-22 00:00:00-04:00,1531163.4712797338,1013072.7630672089,518090.7082125249
2017-09-25 00:00:00-04:00,1530150.970532909,1017517.0363641066,512633.93416880246
2017-09-26 00:00:00-04:00,1530453.660014638,1016491.3803474396,513962.2796671984
2017-09-27 00:00:00-04:00,1534104.8047521096,1015511.5294107065,518593.2753414031
2017-09-28 00:00:00-04:00,1539253.7961421781,1020840.1083401449,518413.68780203327
2017-09-29 00:00:00-04:00,1544018.7187491762,1021871.5096675253,522147.20908165094
2017-10-02 00:00:00-04:00,1549298.061461269,1026684.1911760572,522613.8702852118
2017-10-03 00:00:00-04:00,1552817.647763676,1029090.9254447556,523726.7223189205
2017-10-04 00:00:00-04:00,1556585.970377128,1032356.6230165467,524229.3473605815
2017-10-05 00:00:00-04:00,1565328.9886275916,1035966.2522022754,529362.7364253161
2017-10-06 00:00:00-04:00,1562953.296666231,1032872.4417345666,530080.8549316644
2017-10-09 00:00:00-04:00,1559420.8938693223,1029950.4396680538,529470.4542012684
2017-10-10 00:00:00-04:00,1563769.3203544896,1033903.843061947,529865.4772925427
2017-10-11 00:00:00-04:00,1569645.7587525824,1038200.9419611185,531444.8167914639
2017-10-12 00:00:00-04:00,1571942.3646076038,1041466.7182357961,530475.6463718076
2017-10-13 00:00:00-04:00,1576566.8456096686,1044045.0247970308,532521.8208126379
2017-10-16 00:00:00-04:00,1577881.9395189232,1043529.206079011,534352.7334399122
2017-10-17 00:00:00-04:00,1582345.5941444067,1047310.8797745949,535034.7143698119
2017-10-18 00:00:00-04:00,1583246.5030765652,1048857.8637113357,534388.6393652295
2017-10-19 00:00:00-04:00,1579037.2769891783,1046623.1739524927,532414.1030366857
2017-10-20 00:00:00-04:00,1585973.9221226126,1052123.6399860133,533850.2821365994
2017-10-23 00:00:00-04:00,1583179.1377883018,1052811.2671052292,530367.8706830726
2017-10-24 00:00:00-04:00,1583389.0429764558,1052123.6399860133,531265.4029904424
2017-10-25 00:00:00-04:00,1577597.3160839146,1048342.1236962024,529255.1923877122
2017-10-26 00:00:00-04:00,1578488.433212135,1050920.58766321,527567.8455489249
2017-10-27 00:00:00-04:00,1588524.7362596183,1045592.1661395447,542932.5701200735
2017-10-30 00:00:00-04:00,1580635.090566936,1036481.8348116359,544153.2557552999
2017-10-31 00:00:00-04:00,1582681.091269418,1036481.8348116359,546199.256457782
2017-11-01 00:00:00-04:00,1581642.7097077752,1035622.6353998837,546020.0743078915
2017-11-02 00:00:00-04:00,1584554.8041447848,1039576.1174966636,544978.6866481211
2017-11-03 00:00:00-04:00,1590483.5752273663,1040263.6659129928,550219.9093143735
2017-11-06 00:00:00-05:00,1587537.2816343145,1035450.669592915,552086.6120413996
2017-11-07 00:00:00-05:00,1590266.8544193236,1037857.0890500674,552409.7653692563
2017-11-08 00:00:00-05:00,1597992.904237168,1043357.3189749286,554635.5852622392
2017-11-09 00:00:00-05:00,1592850.7863797708,1041122.9440276314,551727.8423521393
2017-11-10 00:00:00-05:00,1592642.993350371,1040951.0569235492,551691.9364268219
2017-11-13 00:00:00-05:00,1595043.5141769727,1042669.7705585994,552373.7436183733
2017-11-14 00:00:00-05:00,1596127.5654691665,1045763.9745407406,550363.5909284259
2017-11-15 00:00:00-05:00,1583916.830298523,1036138.0606034712,547778.7696950516
2017-11-16 00:00:00-05:00,1599168.1282517982,1044389.0351138549,554779.0931379433
2017-11-17 00:00:00-05:00,1597050.0261347676,1044389.0351138549,552660.9910209127
2017-11-20 00:00:00-05:00,1598337.9637014708,1046107.6700460187,552230.293655452
2017-11-21 00:00:00-05:00,1610521.167336456,1052295.6844958686,558225.4828405873
2017-11-22 00:00:00-05:00,1611546.765068747,1052639.3012982602,558907.463770487
2017-11-24 00:00:00-05:00,1614280.7403671418,1053326.9284174761,560953.8119496657
2017-11-27 00:00:00-05:00,1614545.159695157,1053842.747135496,560702.4125596611
2017-11-28 00:00:00-05:00,1629216.1409269397,1067077.8967440615,562138.2441828782
2017-11-29 00:00:00-05:00,1628869.7983929834,1076531.844874362,552337.9535186214
2017-11-30 00:00:00-05:00,1641235.8919467693,1084267.000666726,556968.8912800434
2017-12-01 00:00:00-05:00,1636288.2160366399,1081688.536699718,554599.6793369218
2017-12-04 00:00:00-05:00,1639523.5984284254,1091313.8997167822,548209.6987116433
2017-12-05 00:00:00-05:00,1634382.2332282863,1085813.5910890342,548568.6421392519
2017-12-06 00:00:00-05:00,1635827.9769385355,1084782.347167427,551045.6297711084
2017-12-07 00:00:00-05:00,1638038.553366716,1085126.2787813644,552912.2745853517
2017-12-08 00:00:00-05:00,1646323.891647516,1090970.361617277,555353.5300302391
2017-12-11 00:00:00-05:00,1650631.7339938642,1090970.361617277,559661.3723765871
2017-12-12 00:00:00-05:00,1648846.5814661565,1089939.1176956694,558907.463770487
2017-12-13 00:00:00-05:00,1651470.0600840733,1091485.708117978,559984.3519660955
2017-12-14 00:00:00-05:00,1643512.5716659578,1083923.0690527882,559589.5026131696
2017-12-15 00:00:00-05:00,1661383.1773748961,1095439.426323417,565943.751051479
2017-12-18 00:00:00-05:00,1672315.9653269902,1101627.3620703807,570688.6032566095
2017-12-19 00:00:00-05:00,1668246.6742061637,1100939.6562482785,567307.0179578853
2017-12-20 00:00:00-05:00,1668494.687356193,1101799.1704715765,566695.5168846166
2017-12-21 00:00:00-05:00,1670457.5513731756,1103690.1647251414,566767.3866480342
2017-12-22 00:00:00-05:00,1670325.5532456017,1104205.747334502,566119.8059110999
2017-12-26 00:00:00-05:00,1669549.806421748,1106487.7375281223,563062.0688936255
2017-12-27 00:00:00-05:00,1669967.244227144,1106833.479308449,563133.7649186949
2017-12-28 00:00:00-05:00,1672898.5595727533,1109081.0763406756,563817.4832320777
2017-12-29 00:00:00-05:00,1667507.5215292708,1107179.4571974352,560328.0643318356
2018-01-02 00:00:00-05:00,1678192.70266336,1108043.614891036,570149.087772324
2018-01-03 00:00:00-05:00,1686844.3570662884,1111155.4483197497,575688.9087465387
2018-01-04 00:00:00-05:00,1691828.2548424136,1115132.069065156,576696.1857772575
2018-01-05 00:00:00-05:00,1702633.9004208469,1120145.9151515423,582487.9852693046
2018-01-08 00:00:00-05:00,1709568.1482492732,1124813.8620518292,584754.2861974438
2018-01-09 00:00:00-05:00,1710641.6893625786,1125851.3235014689,584790.3658611096
2018-01-10 00:00:00-05:00,1703223.3713793696,1119800.0946683292,583423.2767110404
2018-01-11 00:00:00-05:00,1714650.4383872536,1127234.133217003,587416.3051702506
2018-01-12 00:00:00-05:00,1724154.2451940551,1132420.8895449962,591733.3556490589
2018-01-16 00:00:00-05:00,1719524.227169856,1129481.808952116,590042.4182177399
2018-01-17 00:00:00-05:00,1736610.8183333846,1140201.0633884291,596409.7549449553
2018-01-18 00:00:00-05:00,1735335.8585519437,1138818.096267122,596517.7622848215
2018-01-19 00:00:00-05:00,1743084.1304038563,1144695.7852355633,598388.3451682931
2018-01-22 00:00:00-05:00,1756922.0575607303,1152130.296001556,604791.7615591743
2018-01-23 00:00:00-05:00,1759329.3390496522,1149537.2720005487,609792.0670491034
2018-01-24 00:00:00-05:00,1763152.2492859946,1157317.1310324357,605835.118253559
2018-01-25 00:00:00-05:00,1770370.3726479264,1164751.3269868824,605619.0456610441
2018-01-26 00:00:00-05:00,1789506.5467097303,1174606.108918049,614900.4377916814
2018-01-29 00:00:00-05:00,1777011.5606019474,1165096.9900643227,611914.5705376246
2018-01-30 00:00:00-05:00,1758835.7077596486,1151957.464462836,606878.2432968125
2018-01-31 00:00:00-05:00,1756340.2034895446,1146943.8544851087,609396.3490044358
2018-02-01 00:00:00-05:00,1748912.0674723517,1144695.7852355633,604216.2822367885
2018-02-02 00:00:00-05:00,1713175.2514501673,1121010.387656689,592164.8637934783
2018-02-05 00:00:00-05:00,1642629.8147877064,1073811.7944145685,568818.0203731379
2018-02-06 00:00:00-05:00,1676202.1614587982,1092311.0652885416,583891.0961702566
2018-02-07 00:00:00-05:00,1666745.4054986727,1090408.9739279824,576336.4315706902
2018-02-08 00:00:00-05:00,1608368.0075067314,1056349.9062873488,552018.1012193826
2018-02-09 00:00:00-05:00,1634844.4197320356,1073293.0636897488,561551.3560422867
2018-02-12 00:00:00-05:00,1656046.8203837953,1084531.0488508816,571515.7715329137
2018-02-13 00:00:00-05:00,1660725.9583739592,1086259.993861175,574465.9645127842
2018-02-14 00:00:00-05:00,1681336.3928991072,1096114.4609807953,585221.9319183117
2018-02-15 00:00:00-05:00,1706031.6500379795,1109945.6275487086,596086.0224892709
2018-02-16 00:00:00-05:00,1706308.8898539296,1112884.9442502481,593423.9456036814
2018-02-20 00:00:00-05:00,1692108.254608448,1097497.2706963294,594610.9839121185
2018-02-21 00:00:00-05:00,1684366.7342996565,1091446.5140805086,592920.2202191477
2018-02-22 00:00:00-05:00,1688616.891460322,1095768.483091809,592848.408368513
2018-02-23 00:00:00-05:00,1712324.142717169,1107352.4461419282,604971.6965752407
2018-02-26 00:00:00-05:00,1731410.9235816698,1118417.2062499085,612993.7173317613
2018-02-27 00:00:00-05:00,1709643.5026213287,1104240.2979016686,605403.2047196601
2018-02-28 00:00:00-05:00,1692100.2459657816,1090582.1202782483,601518.1256875333
2018-03-01 00:00:00-05:00,1670522.816993358,1078825.483095182,591697.333898176
2018-03-02 00:00:00-05:00,1678548.1223885047,1081418.743204849,597129.3791836556
2018-03-05 00:00:00-05:00,1697442.5738903075,1093694.1111127352,603748.4627775723
2018-03-06 00:00:00-05:00,1703454.3552607405,1097151.765024662,606302.5902360786
2018-03-07 00:00:00-05:00,1704511.5506430175,1096806.0232443353,607705.5273986823
2018-03-08 00:00:00-05:00,1714945.6054876582,1103894.398715569,611051.2067720891
2018-03-09 00:00:00-05:00,1743760.0146661708,1120837.5561179689,622922.4585482018
2018-03-12 00:00:00-04:00,1744130.417957466,1117898.4755250888,626231.9424323774
2018-03-13 00:00:00-04:00,1733703.1848313126,1115996.6989760755,617706.4858552371
2018-03-14 00:00:00-04:00,1725296.3724161838,1107697.9518135956,617598.4206025883
2018-03-15 00:00:00-04:00,1723373.484421112,1106314.9846922886,617058.4997288234
2018-03-16 00:00:00-04:00,1726725.6172462052,1111501.5049116223,615224.112334583
2018-03-19 00:00:00-04:00,1701151.221268492,1099053.620276562,602097.6009919301
2018-03-20 00:00:00-04:00,1704170.337861428,1100090.8456175423,604079.4922438858
2018-03-21 00:00:00-04:00,1699839.0540655165,1098390.0762406106,601448.9778249059
2018-03-22 00:00:00-04:00,1657573.1082140713,1070969.2035605186,586603.9046535527
2018-03-23 00:00:00-04:00,1625281.1683539208,1054135.2857645592,571145.8825893616
2018-03-26 00:00:00-04:00,1666982.803970693,1074613.855530733,592368.9484399599
2018-03-27 00:00:00-04:00,1639310.062097817,1066110.2447547338,573199.8173430832
2018-03-28 00:00:00-04:00,1633930.8501243044,1067324.8664018502,566605.9837224542
2018-03-29 00:00:00-04:00,1657324.187405995,1080340.9858773293,576983.2015286658
2018-04-02 00:00:00-04:00,1615686.3898871168,1055349.9861145623,560336.4037725545
2018-04-03 00:00:00-04:00,1637958.4877492331,1071316.5981014615,566641.8896477716
2018-04-04 00:00:00-04:00,1660952.0204454483,1085373.9567651316,575578.0636803168
2018-04-05 00:00:00-04:00,1670478.6971111167,1091621.7854087097,578856.9117024071
2018-04-06 00:00:00-04:00,1634473.4860315514,1070101.6616427992,564371.8243887523
2018-04-09 00:00:00-04:00,1639825.686946041,1071490.13796616,568335.5489798809
2018-04-10 00:00:00-04:00,1665727.9881379334,1084853.337171036,580874.6509668974
2018-04-11 00:00:00-04:00,1655955.6909831213,1078432.0473656456,577523.6436174756
2018-04-12 00:00:00-04:00,1666554.3109223796,1082076.3845243142,584477.9263980653
2018-04-13 00:00:00-04:00,1662139.3749417684,1080688.1443096127,581451.2306321557
2018-04-16 00:00:00-04:00,1678893.2264854948,1093010.1043262978,585883.122159197
2018-04-17 00:00:00-04:00,1698967.1370765176,1100472.8694285383,598494.2676479794
2018-04-18 00:00:00-04:00,1701754.0784079928,1102034.4921021652,599719.5863058276
2018-04-19 00:00:00-04:00,1687737.3815733152,1093530.8026232796,594206.5789500355
2018-04-20 00:00:00-04:00,1666184.8357714263,1081382.5398770662,584802.2958943602
2018-04-23 00:00:00-04:00,1664013.0272027268,1080688.1443096127,583324.8828931141
2018-04-24 00:00:00-04:00,1638638.0511103151,1067672.10353702,570965.9475732951
2018-04-25 00:00:00-04:00,1643314.1544964951,1071663.6778308584,571650.4766656368
2018-04-26 00:00:00-04:00,1661423.2407500301,1077737.9666097383,583685.274140292
2018-04-27 00:00:00-04:00,1664386.419613668,1080340.9858773293,584045.4337363387
2018-04-30 00:00:00-04:00,1649482.8161778473,1069581.0420487036,579901.7741291438
2018-05-01 00:00:00-04:00,1655939.3262131128,1069407.5808868916,586531.7453262212
2018-05-02 00:00:00-04:00,1641720.346905096,1058647.5583553796,583072.7885497162
2018-05-03 00:00:00-04:00,1635573.7829733188,1052573.2695764997,583000.5133968192
2018-05-04 00:00:00-04:00,1660172.6787884547,1066110.2447547338,594062.4340337209
2018-05-07 00:00:00-04:00,1665976.611274029,1066977.8653753398,598998.7458986891
2018-05-08 00:00:00-04:00,1663628.6483335816,1065242.3880254682,598386.2603081134
2018-05-09 00:00:00-04:00,1679001.4229792831,1074093.3146395239,604908.1083397593
2018-05-10 00:00:00-04:00,1693948.2530628706,1082770.6226859945,611177.6303768761
2018-05-11 00:00:00-04:00,1695454.6774465677,1084853.337171036,610601.3402755316
2018-05-14 00:00:00-04:00,1697887.7058426477,1086241.7347915105,611645.9710511373
2018-05-15 00:00:00-04:00,1686081.0450210364,1081208.8426065946,604872.2024144419
2018-05-16 00:00:00-04:00,1696154.7282077027,1087282.895276815,608871.8329308878
2018-05-17 00:00:00-04:00,1695721.7361544776,1089192.0698971578,606529.6662573199
2018-05-18 00:00:00-04:00,1692933.9390397505,1089539.1496265547,603394.7894131958
2018-05-21 00:00:00-04:00,1705519.1318892809,1098737.3133757804,606781.8185135005
2018-05-22 00:00:00-04:00,1696396.0775760857,1090407.0850587068,605988.9925173789
2018-05-23 00:00:00-04:00,1702727.5460221684,1091621.7854087097,611105.7606134586
2018-05-24 00:00:00-04:00,1703414.9836430014,1092489.5634350886,610925.4202079127
2018-05-25 00:00:00-04:00,1702291.8552680365,1090754.0073823307,611537.8478857056
2018-05-29 00:00:00-04:00,1686920.662990688,1078084.9676362488,608835.6953544393
2018-05-30 00:00:00-04:00,1707593.9666236003,1094398.4232438856,613195.5433797147
2018-05-31 00:00:00-04:00,1692619.475874784,1079820.2875803472,612799.1882944367
2018-06-01 00:00:00-04:00,1708661.3366469203,1086241.7347915105,622419.6018554098
2018-06-04 00:00:00-04:00,1720356.8138598064,1092316.0235703902,628040.7902894162
2018-06-05 00:00:00-04:00,1724384.9092960262,1094398.4232438856,629986.4860521406
2018-06-06 00:00:00-04:00,1735349.1386549561,1101687.3336698818,633661.8049850744
2018-06-07 00:00:00-04:00,1733320.3811841127,1104811.3660460007,628509.0151381119
2018-06-08 00:00:00-04:00,1740125.1036139042,1111579.892986561,628545.2106273432
2018-06-11 00:00:00-04:00,1742512.8065792418,1112274.0524453549,630238.7541338869
2018-06-12 00:00:00-04:00,1747389.5351345013,1113835.9112276414,633553.62390686
2018-06-13 00:00:00-04:00,1739197.0773724779,1105679.3014781526,633517.7758943253
2018-06-14 00:00:00-04:00,1747519.6620474893,1107588.1612869496,639931.5007605397
2018-06-15 00:00:00-04:00,1748756.2792176534,1111058.879878033,637697.3993396206
2018-06-18 00:00:00-04:00,1739711.0185970943,1102381.8866431082,637329.131953986
2018-06-19 00:00:00-04:00,1732178.2835092943,1096654.756296512,635523.5272127823
2018-06-20 00:00:00-04:00,1736272.1882693055,1096235.112505776,640037.0757635294
2018-06-21 00:00:00-04:00,1723897.3440785725,1089420.937891055,634476.4061875176
2018-06-22 00:00:00-04:00,1728429.903955931,1095361.5891686839,633068.3147872472
2018-06-25 00:00:00-04:00,1708400.6338178697,1089595.6582990508,618804.975518819
2018-06-26 00:00:00-04:00,1710753.632639437,1089420.937891055,621332.694748382
2018-06-27 00:00:00-04:00,1697062.156336514,1084179.1682454091,612882.9880911049
2018-06-28 00:00:00-04:00,1705654.0337608927,1087499.0134031016,618155.020357791
2018-06-29 00:00:00-04:00,1709062.29227626,1089246.2174830593,619816.0747932007
2018-07-02 00:00:00-04:00,1710069.8080726159,1086101.328842022,623968.4792305939
2018-07-03 00:00:00-04:00,1702673.111211964,1085926.5297311398,616746.581480824
2018-07-05 00:00:00-04:00,1720637.1268281864,1096235.112505776,624402.0143224103
2018-07-06 00:00:00-04:00,1734369.1013696154,1100253.8392954518,634115.2620741636
2018-07-09 00:00:00-04:00,1747238.3673192456,1107417.7695377106,639820.597781535
2018-07-10 00:00:00-04:00,1755221.158604526,1114931.0618930743,640290.0967114517
2018-07-11 00:00:00-04:00,1742536.108043286,1105495.845049757,637040.2629935291
2018-07-12 00:00:00-04:00,1757881.490674766,1109864.0913583105,648017.3993164555
2018-07-13 00:00:00-04:00,1764188.943185978,1115629.9435250573,648558.9996609207
2018-07-16 00:00:00-04:00,1757918.8296739245,1110912.4138062852,647006.4158676392
2018-07-17 00:00:00-04:00,1769018.39235014,1118076.1079398845,650942.2844102554
2018-07-18 00:00:00-04:00,1768839.1999120493,1119124.6664965185,649714.5334155309
2018-07-19 00:00:00-04:00,1766288.2686162137,1119823.626831388,646464.6417848256
2018-07-20 00:00:00-04:00,1769638.4160342487,1123318.0349913032,646320.3810429455
2018-07-23 00:00:00-04:00,1767328.6261340012,1118950.0247914093,648378.601342592
2018-07-24 00:00:00-04:00,1775416.7813475402,1124366.200033505,651050.5813140352
2018-07-25 00:00:00-04:00,1792029.5617828607,1131879.4923888687,660150.069393992
2018-07-26 00:00:00-04:00,1788317.6574473649,1138169.8205911487,650147.8368562162
2018-07-27 00:00:00-04:00,1775349.7079165385,1133976.2946905908,641373.4132259476
2018-07-30 00:00:00-04:00,1763490.2636323173,1131180.3746482262,632309.8889840911
2018-07-31 00:00:00-04:00,1779511.4549618005,1142362.952977274,637148.5019845263
2018-08-01 00:00:00-04:00,1770049.4009939772,1130481.6504220162,639567.7505719612
2018-08-02 00:00:00-04:00,1782246.4833038375,1133976.2946905908,648270.1886132465
2018-08-03 00:00:00-04:00,1792095.434853281,1141839.1852677192,650256.2495855617
2018-08-06 00:00:00-04:00,1797669.7428122843,1143586.1532390174,654083.5895732668
2018-08-07 00:00:00-04:00,1802848.6699151164,1146381.6797669495,656466.990148167
2018-08-08 00:00:00-04:00,1799624.2169411317,1142362.952977274,657261.2639638578
2018-08-09 00:00:00-04:00,1798003.9503081418,1141139.9101213035,656864.0401868382
2018-08-10 00:00:00-04:00,1785821.4972970136,1133976.2946905908,651845.2026064227
2018-08-13 00:00:00-04:00,1782128.6517803604,1131005.9690517765,651122.6827285839
2018-08-14 00:00:00-04:00,1795120.3207765524,1139917.1033739927,655203.2174025596
2018-08-15 00:00:00-04:00,1786579.9092842177,1139392.863447119,647187.0458370988
2018-08-16 00:00:00-04:00,1798495.0831861738,1149177.5998093141,649317.4833768596
2018-08-17 00:00:00-04:00,1806676.5242760666,1157214.8959828923,649461.6282931742
2018-08-20 00:00:00-04:00,1809593.546449293,1160709.540251467,648884.006197826
2018-08-21 00:00:00-04:00,1813374.536549811,1162107.303515433,651267.2330343779
2018-08-22 00:00:00-04:00,1812058.307310477,1158263.2971337533,653795.0101767237
2018-08-23 00:00:00-04:00,1807974.4371421821,1155118.251086943,652856.1860552389
2018-08-24 00:00:00-04:00,1818583.6520283255,1159661.2178034924,658922.434224833
2018-08-27 00:00:00-04:00,1830891.3553844986,1165252.4282651297,665638.9271193689
2018-08-28 00:00:00-04:00,1830817.626367657,1164204.0271142686,666613.5992533885
2018-08-29 00:00:00-04:00,1843576.014372211,1169271.0763519187,674304.9380202921
2018-08-30 00:00:00-04:00,1834696.4253132544,1161582.9848856728,673113.4404275817
2018-08-31 00:00:00-04:00,1836960.8741614777,1162980.8268525254,673980.0473089523
2018-09-04 00:00:00-04:00,1831975.53966096,1160884.1819565762,671091.3577043837
2018-09-05 00:00:00-04:00,1831521.2765678004,1169096.2772410365,662424.9993267639
2018-09-06 00:00:00-04:00,1826647.7482037302,1170144.6783918976,656503.0698118327
2018-09-07 00:00:00-04:00,1820276.2542436183,1166300.6720102178,653975.5822334007
2018-09-10 00:00:00-04:00,1827895.2624614658,1171717.083360973,656178.1791004929
2018-09-11 00:00:00-04:00,1833824.2287152128,1172590.8428067248,661233.385908488
2018-09-12 00:00:00-04:00,1835368.9867106,1176085.4083724131,659283.578338187
2018-09-13 00:00:00-04:00,1846953.299910346,1180628.4537918488,666324.8461184971
2018-09-14 00:00:00-04:00,1846051.793997916,1181676.697536937,664375.0964609788
2018-09-17 00:00:00-04:00,1836133.0929407126,1181327.0993151725,654805.99362554
2018-09-18 00:00:00-04:00,1844869.5043383096,1184647.101878638,660222.4024596717
2018-09-19 00:00:00-04:00,1844538.5674498365,1184821.7435837472,659716.8238660895
2018-09-20 00:00:00-04:00,1860394.1814174936,1193383.3583870856,667010.823030408
2018-09-21 00:00:00-04:00,1857795.409247847,1194431.7595379467,663363.6497099004
2018-09-24 00:00:00-04:00,1847933.8288666476,1182725.0199849114,665208.808881736
2018-09-25 00:00:00-04:00,1844120.47063516,1178007.411563253,666113.0590719071
2018-09-26 00:00:00-04:00,1840849.6965477737,1174266.2698542085,666583.4266935652
2018-09-27 00:00:00-04:00,1844210.2512324168,1171983.5713346098,672226.6798978071
2018-09-28 00:00:00-04:00,1845470.1212707895,1173388.339155473,672081.7821153165
2018-10-01 00:00:00-04:00,1851059.9082769598,1177603.508349814,673456.3999271457
2018-10-02 00:00:00-04:00,1851472.544088308,1179535.428104351,671937.115983957
2018-10-03 00:00:00-04:00,1845697.7872550818,1173037.166875979,672660.6203791029
2018-10-04 00:00:00-04:00,1826460.8467151276,1166714.2556786942,659746.5910364332
2018-10-05 00:00:00-04:00,1817515.6030062172,1165836.0888712995,651679.5141349176
2018-10-08 00:00:00-04:00,1817927.22894896,1170226.8442053876,647700.3847435723
2018-10-09 00:00:00-04:00,1808609.3608556776,1158810.911817913,649798.4490377647
2018-10-10 00:00:00-04:00,1752457.7692756788,1131236.9620236086,621220.8072520703
2018-10-11 00:00:00-04:00,1715598.2232284676,1102082.4221600345,613515.801068433
2018-10-12 00:00:00-04:00,1739521.5404752702,1108931.7769650144,630589.763510256
2018-10-15 00:00:00-04:00,1732943.1667671315,1109985.8447237022,622957.3220434294
2018-10-16 00:00:00-04:00,1766697.5940819876,1125617.1037112908,641080.4903706969
2018-10-17 00:00:00-04:00,1766599.2229743316,1125265.5379173642,641333.6850569673
2018-10-18 00:00:00-04:00,1742774.3096040017,1116308.2837036678,626466.0259003339
2018-10-19 00:00:00-04:00,1744478.836605585,1118591.533143472,625887.303462113
2018-10-22 00:00:00-04:00,1742253.832076681,1113146.8674564688,629106.9646202123
2018-10-23 00:00:00-04:00,1734669.9296043816,1107878.2601265318,626791.6694778497
2018-10-24 00:00:00-04:00,1684732.2276593335,1086626.6706093065,598105.5570500271
2018-10-25 00:00:00-04:00,1714556.7469587815,1095759.5896656364,618797.157293145
2018-10-26 00:00:00-04:00,1685292.3401287096,1082411.8162265115,602880.5239021981
2018-10-29 00:00:00-04:00,1677275.103558444,1086802.33545194,590472.7681065039
2018-10-30 00:00:00-04:00,1710715.9512558244,1110512.4457371705,600203.5055186539
2018-10-31 00:00:00-04:00,1723594.8817952094,1109283.185353168,614311.6964420413
2018-11-01 00:00:00-04:00,1744343.2355893962,1121928.6142333045,622414.6213560916
2018-11-02 00:00:00-04:00,1734472.7184698265,1121752.8706877846,612719.8477820418
2018-11-05 00:00:00-05:00,1741032.3853172697,1129831.8793911994,611200.5059260703
2018-11-06 00:00:00-05:00,1753390.3858463326,1137559.6371122338,615830.748734099
2018-11-07 00:00:00-05:00,1789217.0836365186,1154069.062907217,635148.0207293015
2018-11-08 00:00:00-05:00,1788502.6235664398,1157406.0652941633,631096.5582722764
2018-11-09 00:00:00-05:00,1772773.6584642439,1152312.493183768,620461.165280476
2018-11-12 00:00:00-05:00,1741178.4611933995,1139491.6355696572,601686.8256237424
2018-11-13 00:00:00-05:00,1741333.189736552,1139140.148478617,602193.0412579351
2018-11-14 00:00:00-05:00,1733402.3969295719,1135803.4609032169,597598.9360263549
2018-11-15 00:00:00-05:00,1753340.4731739284,1145287.237427495,608053.2357464335
2018-11-16 00:00:00-05:00,1758758.7948188,1152839.6451174417,605919.1497013583
2018-11-19 00:00:00-05:00,1728717.615684555,1142477.2295684495,586240.3861161052
2018-11-20 00:00:00-05:00,1697678.3893145346,1121928.6142333045,575749.77508123
2018-11-21 00:00:00-05:00,1704865.991758015,1124738.9369038958,580127.0548541192
2018-11-23 00:00:00-05:00,1697156.8647959298,1121226.1122685433,575930.7525273863
2018-11-26 00:00:00-05:00,1720303.97699134,1131061.2184780885,589242.7585132516
2018-11-27 00:00:00-05:00,1724928.3650870314,1133695.9550089329,591232.4100780984
2018-11-28 00:00:00-05:00,1763275.175678291,1153015.2312571886,610259.9444211024
2018-11-29 00:00:00-05:00,1761110.0537992627,1152839.6451174417,608270.4086818212
2018-11-30 00:00:00-05:00,1775709.969413724,1163026.3171209134,612683.6522928106
2018-12-03 00:00:00-05:00,1795550.068064857,1172158.9213656974,623391.1466991596
2018-12-04 00:00:00-05:00,1738971.6366931652,1139491.6355696572,599480.0011235081
2018-12-06 00:00:00-05:00,1737934.9599264115,1134222.6347252876,603712.325201124
2018-12-07 00:00:00-05:00,1698332.4744242516,1114552.107494651,583780.3669296005
2018-12-10 00:00:00-05:00,1704797.0106308826,1114902.9649625993,589894.0456682832
2018-12-11 00:00:00-05:00,1707277.52360471,1115430.1955991595,591847.3280055504
2018-12-12 00:00:00-05:00,1716701.7322906586,1119645.2073877275,597056.5249029311
2018-12-13 00:00:00-05:00,1718463.4408792823,1121226.1122685433,597237.328610739
2018-12-14 00:00:00-05:00,1686709.4232950616,1104014.3419145714,582695.0813804902
2018-12-17 00:00:00-05:00,1650673.8657706026,1081182.3197338493,569491.5460367532
2018-12-18 00:00:00-05:00,1651971.9428172964,1078899.0702940451,573072.8725232513
2018-12-19 00:00:00-05:00,1624552.1694864868,1065551.0607462607,559001.1087402262
2018-12-20 00:00:00-05:00,1601520.5707100243,1050622.6185349794,550897.9521750449
2018-12-21 00:00:00-05:00,1574786.719931603,1040963.0197622948,533823.7001693081
2018-12-24 00:00:00-05:00,1532569.668807772,1011983.6725240353,520585.9962837368
2018-12-26 00:00:00-05:00,1603820.2127989386,1050729.103540393,553091.1092585456
2018-12-27 00:00:00-05:00,1619760.3962436458,1064528.9463594856,555231.4498841601
2018-12-28 00:00:00-05:00,1617877.961650244,1062936.9443716756,554941.0172785684
2018-12-31 00:00:00-05:00,1630696.1448127232,1071075.1376457268,559621.0071669965
2019-01-02 00:00:00-05:00,1626222.151059425,1064352.1009735547,561870.0500858702
2019-01-03 00:00:00-05:00,1588404.6111934588,1044891.0021238537,543513.6090696051
2019-01-04 00:00:00-05:00,1638373.4331758823,1071605.9886150653,566767.4445608171
2019-01-07 00:00:00-05:00,1651313.2643928537,1077797.9382092394,573515.3261836143
2019-01-08 00:00:00-05:00,1666585.5492174244,1087882.4538660545,578703.0953513699
2019-01-09 00:00:00-05:00,1672893.898446195,1089474.8493682968,583419.0490778983
2019-01-10 00:00:00-05:00,1682524.0818727203,1097436.2759593038,585087.8059134164
2019-01-11 00:00:00-05:00,1678260.9833254192,1095313.344299269,582947.6390261503
2019-01-14 00:00:00-05:00,1665678.635039246,1087882.4538660545,577796.1811731914
2019-01-15 00:00:00-05:00,1683153.3148359768,1094074.796974661,589078.5178613157
2019-01-16 00:00:00-05:00,1683044.496717152,1094074.796974661,588969.6997424909
2019-01-17 00:00:00-05:00,1697241.4137986768,1103628.382959251,593613.0308394256
2019-01-18 00:00:00-05:00,1722403.0455148527,1122912.7938287943,599490.2516860584
2019-01-22 00:00:00-05:00,1695533.910415283,1108051.6425854573,587482.2678298256
2019-01-23 00:00:00-05:00,1695764.570959163,1107520.6342103458,588243.936748817
2019-01-24 00:00:00-05:00,1694620.108744956,1102567.0745350064,592053.0342099495
2019-01-25 00:00:00-05:00,1706294.3344178093,1107167.0221413707,599127.3122764387
2019-01-28 00:00:00-05:00,1695709.241627472,1103982.5459484316,591726.6956790405
2019-01-29 00:00:00-05:00,1697022.3146544304,1110882.349303648,586139.9653507821
2019-01-30 00:00:00-05:00,1718832.400974399,1117782.1526588646,601050.2483155344
2019-01-31 00:00:00-05:00,1738975.191177337,1128928.134145697,610047.0570316399
2019-02-01 00:00:00-05:00,1737637.6160610327,1130166.2879558725,607471.3281051604
2019-02-04 00:00:00-05:00,1753145.2772329538,1138128.0293584254,615017.2478745285
2019-02-05 00:00:00-05:00,1761240.4454384083,1140781.6545820257,620458.7908563825
2019-02-06 00:00:00-05:00,1759036.3209739504,1140427.7277015047,618608.5932724458
2019-02-07 00:00:00-05:00,1748074.9704463212,1137774.0237750176,610300.9466713036
2019-02-08 00:00:00-05:00,1751041.4422926994,1139543.264663191,611498.1776295083
2019-02-11 00:00:00-05:00,1754530.0004051346,1143612.2825973302,610917.7178078044
2019-02-12 00:00:00-05:00,1780547.5389410583,1160596.7590151345,619950.7799259238
2019-02-13 00:00:00-05:00,1785406.128955347,1165020.0186413408,620386.1103140061
2019-02-14 00:00:00-05:00,1779267.8326558205,1158119.821771692,621148.0108841285
2019-02-15 00:00:00-05:00,1798333.382519997,1174573.4472201578,623759.9352998391
2019-02-19 00:00:00-05:00,1802397.7310041795,1177404.3113441216,624993.4196600579
2019-02-20 00:00:00-05:00,1804765.8501287973,1179881.2485875643,624884.601541233
2019-02-21 00:00:00-05:00,1800534.0576867973,1177934.9262048006,622599.1314819969
2019-02-22 00:00:00-05:00,1813279.6642574193,1186073.5129932845,627206.1512641348
2019-02-25 00:00:00-05:00,1815034.4155054577,1185542.504618173,629491.9108872847
2019-02-26 00:00:00-05:00,1811795.2882858678,1181650.4107728512,630144.8775130167
2019-02-27 00:00:00-05:00,1813342.5500151385,1183596.5757498418,629745.9742652968
2019-02-28 00:00:00-05:00,1809945.0327891484,1181650.4107728512,628294.6220162973
2019-03-01 00:00:00-05:00,1816244.6753853098,1183596.5757498418,632648.0996354681
2019-03-04 00:00:00-05:00,1812107.0792638592,1179350.1615095662,632756.917754293
2019-03-05 00:00:00-05:00,1809748.0766188586,1176519.690900035,633228.3857188236
2019-03-06 00:00:00-05:00,1799610.4448992382,1169973.5783166802,629636.8665825581
2019-03-07 00:00:00-05:00,1783391.059262341,1161481.3794592211,621909.6798031197
2019-03-08 00:00:00-05:00,1779086.391907402,1158119.821771692,620966.5701357101
2019-03-11 00:00:00-04:00,1807216.583384227,1173335.057301323,633881.526082904
2019-03-12 00:00:00-04:00,1812822.25764191,1175458.146367131,637364.1112747792
2019-03-13 00:00:00-04:00,1824687.8717960834,1182534.9525140512,642152.9192820322
2019-03-14 00:00:00-04:00,1821830.1393656437,1180765.6329229914,641064.5064426524
2019-03-15 00:00:00-04:00,1830610.6940175896,1183596.5757498418,647014.1182677477
2019-03-18 00:00:00-04:00,1837458.9085788387,1188903.9048999292,648555.0036789096
2019-03-19 00:00:00-04:00,1839108.6268290363,1188372.9752277043,650735.651601332
2019-03-20 00:00:00-04:00,1833699.4028863441,1180383.215597563,653316.1872887813
2019-03-21 00:00:00-04:00,1857228.6604501042,1193699.9013965265,663528.7590535778
2019-03-22 00:00:00-04:00,1822946.2521156545,1173991.360671718,648954.8914439366
2019-03-25 00:00:00-04:00,1822775.9517114568,1175056.9190518325,647719.0326596244
2019-03-26 00:00:00-04:00,1836978.3758005581,1186242.7241992261,650735.651601332
2019-03-27 00:00:00-04:00,1833331.3927008868,1186775.3066320673,646556.0860688196
2019-03-28 00:00:00-04:00,1842811.248231701,1194765.0662622089,648046.1819694922
2019-03-29 00:00:00-04:00,1856417.6931587455,1203465.19814576,652952.4950129855
2019-04-01 00:00:00-04:00,1875188.4806964295,1213586.0745361308,661602.4061602986
2019-04-02 00:00:00-04:00,1872369.2775145392,1208259.3057730815,664109.9717414577
2019-04-03 00:00:00-04:00,1876363.5405097562,1208437.1742965367,667926.3662132194
2019-04-04 00:00:00-04:00,1880902.3967982498,1213230.731003653,667671.6657945968
2019-04-05 00:00:00-04:00,1890037.0910066487,1218912.6071905205,671124.4838161282
2019-04-08 00:00:00-04:00,1891922.8030364634,1219090.2396053162,672832.5634311471
2019-04-09 00:00:00-04:00,1876953.953850382,1206483.7686539895,670470.1851963925
2019-04-10 00:00:00-04:00,1883393.2863686557,1209324.8641531963,674068.4222154594
2019-04-11 00:00:00-04:00,1885522.3959237917,1213053.1772917437,672469.218632048
2019-04-12 00:00:00-04:00,1894644.5811210251,1219267.7933172255,675376.7878037997
2019-04-15 00:00:00-04:00,1893865.8044186523,1218380.0247576793,675485.7796609729
2019-04-16 00:00:00-04:00,1899387.52334143,1221575.6767604991,677811.8465809308
2019-04-17 00:00:00-04:00,1896778.3233973687,1216604.3302328144,680173.9931645544
2019-04-18 00:00:00-04:00,1899781.171571475,1218734.8960728385,681046.2754986364
2019-04-22 00:00:00-04:00,1896913.4584176396,1213940.9458512897,682972.51256635
2019-04-23 00:00:00-04:00,1912169.7191405958,1220510.9841121358,691658.7350284599
2019-04-24 00:00:00-04:00,1909101.0249697603,1219622.8220381574,689478.2029316031
2019-04-25 00:00:00-04:00,1904264.792672243,1211988.0124260616,692276.7802461815
2019-04-26 00:00:00-04:00,1910564.0146659107,1217669.6525042697,692894.362161641
2019-04-29 00:00:00-04:00,1912441.6838488965,1218202.4710457702,694239.2128031264
2019-04-30 00:00:00-04:00,1912566.673545743,1223706.400006296,688860.273539447
2019-05-01 00:00:00-04:00,1895080.3727731989,1208437.1742965367,686643.1984766623
2019-05-02 00:00:00-04:00,1896005.9483293202,1212342.8837412205,683663.0645880997
2019-05-03 00:00:00-04:00,1916852.4111269033,1222286.049013909,694566.3621129943
2019-05-06 00:00:00-04:00,1906385.7480125134,1216071.7477999732,690314.00021254
2019-05-07 00:00:00-04:00,1874473.0083432088,1197606.240464302,676866.7678789068
2019-05-08 00:00:00-04:00,1872231.8948681336,1197073.2645170286,675158.630351105
2019-05-09 00:00:00-04:00,1867177.2271930135,1195652.9135246412,671524.3136683723
2019-05-10 00:00:00-04:00,1874405.2150014453,1202045.1619649187,672360.0530365265
2019-05-13 00:00:00-04:00,1827102.4363808115,1178075.0960456296,649027.3403351819
2019-05-14 00:00:00-04:00,1840795.5479363897,1184644.8194949299,656150.7284414599
2019-05-15 00:00:00-04:00,1853791.585788841,1188373.1326334772,665418.4531553636
2019-05-16 00:00:00-04:00,1868291.4692834215,1196185.6533632553,672105.8159201662
2019-05-17 00:00:00-04:00,1855385.665826939,1190148.8271583423,665236.8386685968
2019-05-20 00:00:00-04:00,1840603.9873482198,1186597.5955143853,654006.3918338345
2019-05-21 00:00:00-04:00,1858445.52988604,1197606.240464302,660839.289421738
2019-05-22 00:00:00-04:00,1853725.934084523,1195830.4672365505,657895.4668479724
2019-05-23 00:00:00-04:00,1831584.6403575414,1183756.5000151785,647828.140342363
2019-05-24 00:00:00-04:00,1834276.2976645627,1186775.3066320673,647500.9910324953
2019-05-28 00:00:00-04:00,1816393.9664583402,1171327.9762901934,645065.9901681469
2019-05-29 00:00:00-04:00,1807713.8144864335,1167954.1409523725,639759.6735340611
2019-05-30 00:00:00-04:00,1813422.0491549547,1170972.7901634884,642449.2589914664
2019-05-31 00:00:00-04:00,1788613.7988214854,1156413.3070840468,632200.4917374386
2019-06-03 00:00:00-04:00,1786412.779275116,1168132.088178714,618280.691096402
2019-06-04 00:00:00-04:00,1823707.2988067288,1188018.0252096588,635689.2735970701
2019-06-05 00:00:00-04:00,1842103.8900792277,1201689.975838214,640413.9142410139
2019-06-06 00:00:00-04:00,1855004.2923015303,1209502.1030535595,645502.1892479707
2019-06-07 00:00:00-04:00,1879011.3040883178,1221043.3304363175,657967.9736520004
2019-06-10 00:00:00-04:00,1887034.8539397423,1221398.3591572496,665636.4947824928
2019-06-11 00:00:00-04:00,1887233.44805954,1220688.3017153856,666545.1463441544
2019-06-12 00:00:00-04:00,1885333.8286464545,1222641.1564377274,662692.672208727
2019-06-13 00:00:00-04:00,1895473.441943967,1228855.6150574363,666617.8268865307
2019-06-14 00:00:00-04:00,1890330.86439977,1226547.810317049,663783.054082721
2019-06-17 00:00:00-04:00,1887936.6085854454,1220155.7192825445,667780.889302901
2019-06-18 00:00:00-04:00,1904209.903894248,1226725.2066231852,677484.6972710629
2019-06-19 00:00:00-04:00,1910660.0946103474,1230631.2308794148,680028.8637309327
2019-06-20 00:00:00-04:00,1928169.9429710766,1241817.3508383543,686352.5921327223
2019-06-21 00:00:00-04:00,1923245.944151891,1237911.1691763517,685334.7749755392
2019-06-24 00:00:00-04:00,1924332.8218535837,1238976.0979333746,685356.723920209
2019-06-25 00:00:00-04:00,1904640.7071112506,1231048.9070979885,673591.8000132621
2019-06-26 00:00:00-04:00,1899560.3108853805,1222836.1821904362,676724.1286949442
2019-06-27 00:00:00-04:00,1908573.9877787563,1229263.5321180858,679310.4556606705
2019-06-28 00:00:00-04:00,1918732.4667318133,1238547.875528012,680184.5912038012
2019-07-01 00:00:00-04:00,1936481.38924914,1247117.9115402042,689363.4777089356
2019-07-02 00:00:00-04:00,1940998.6631405489,1248903.2078172204,692095.4553233286
2019-07-03 00:00:00-04:00,1959061.8901874674,1261758.2224840655,697303.6677034021
2019-07-05 00:00:00-04:00,1953713.7334441433,1257830.3188253932,695883.4146187501
2019-07-08 00:00:00-04:00,1941869.9581647879,1250867.3170523297,691002.6411124583
2019-07-09 00:00:00-04:00,1941402.0700452859,1246939.2559878842,694462.8140574015
2019-07-10 00:00:00-04:00,1947965.5889228978,1246582.0235861307,701383.5653367672
2019-07-11 00:00:00-04:00,1951919.2223746944,1251045.5790902171,700873.6432844773
2019-07-12 00:00:00-04:00,1965067.901090466,1260151.4243535963,704916.4767368697
2019-07-15 00:00:00-04:00,1967147.533712159,1259972.6900983898,707174.8436137693
2019-07-16 00:00:00-04:00,1962076.73055303,1258544.3114115812,703532.4191414489
2019-07-17 00:00:00-04:00,1948797.2127659423,1248725.0244822192,700072.188283723
2019-07-18 00:00:00-04:00,1952454.795517222,1251581.1522327447,700873.6432844773
2019-07-19 00:00:00-04:00,1941605.405913122,1245867.8735941697,695737.5323189524
2019-07-22 00:00:00-04:00,1945177.9532392789,1243903.843061947,701274.110177332
2019-07-23 00:00:00-04:00,1964229.0437170998,1258365.5771563747,705863.466560725
2019-07-24 00:00:00-04:00,1971504.029473554,1260686.7613874644,710817.2680860898
2019-07-25 00:00:00-04:00,1963694.9922694988,1259616.1660226148,704078.8262468841
2019-07-26 00:00:00-04:00,1976299.4811007024,1264972.2909623226,711327.1901383798
2019-07-29 00:00:00-04:00,1972430.5790450787,1263543.8335726275,708886.7454724511
2019-07-30 00:00:00-04:00,1971334.8411549018,1265507.6279961907,705827.213158711
2019-07-31 00:00:00-04:00,1945504.6253017522,1249439.0170684075,696065.6082333446
2019-08-01 00:00:00-04:00,1927225.0388909406,1234619.893166453,692605.1457244876
2019-08-02 00:00:00-04:00,1910420.2820111532,1228013.8089835972,682406.4730275559
2019-08-05 00:00:00-04:00,1854883.9771676506,1196590.1861997861,658293.7909678646
2019-08-06 00:00:00-04:00,1877311.5794619536,1209802.5906741577,667508.9887877958
2019-08-07 00:00:00-04:00,1886273.8383492888,1215158.794316752,671115.0440325367
2019-08-08 00:00:00-04:00,1923019.3259132328,1237298.388502183,685720.9374110497
2019-08-09 00:00:00-04:00,1909430.2295670058,1230156.2589594803,679273.9706075254
2019-08-12 00:00:00-04:00,1887530.7578914203,1216051.4424552603,671479.3154361601
2019-08-13 00:00:00-04:00,1919029.182160659,1232834.5181865506,686194.6639741084
2019-08-14 00:00:00-04:00,1864777.715665657,1199090.0259831958,665687.6896824614
2019-08-15 00:00:00-04:00,1871154.6183619874,1206231.8407143524,664922.777647635
2019-08-16 00:00:00-04:00,1898609.6835062602,1223014.6803369832,675595.0031692771
2019-08-19 00:00:00-04:00,1921674.6146799526,1235334.3579699602,686340.2567099923
2019-08-20 00:00:00-04:00,1906715.102554954,1225692.860861167,681022.2416937868
2019-08-21 00:00:00-04:00,1924902.0944161788,1237833.410724505,687068.6836916736
2019-08-22 00:00:00-04:00,1924108.4754536669,1239261.7894113136,684846.6860423534
2019-08-23 00:00:00-04:00,1872620.1009424373,1209445.5943810637,663174.5065613736
2019-08-26 00:00:00-04:00,1892813.4884127937,1219622.271117952,673191.2172948419
2019-08-27 00:00:00-04:00,1888536.1512679318,1216765.5924472213,671770.5588207105
2019-08-28 00:00:00-04:00,1900938.525579716,1226764.007146222,674174.518433494
2019-08-29 00:00:00-04:00,1923922.875934939,1239440.2875578606,684482.5883770783
2019-08-30 00:00:00-04:00,1924783.7052630708,1241940.0486383839,682843.6566246868
2019-09-03 00:00:00-04:00,1912440.955852359,1236226.6912969223,676214.2645554369
2019-09-04 00:00:00-04:00,1935236.1894166833,1249260.2041103144,685975.9853063689
2019-09-05 00:00:00-04:00,1962085.9661355666,1263543.8335726275,698542.132562939
2019-09-06 00:00:00-04:00,1967464.3778415858,1269614.187207183,697850.1906344028
2019-09-09 00:00:00-04:00,1966721.3798487422,1270328.1010904848,696393.2787582574
2019-09-10 00:00:00-04:00,1969003.0603119181,1274613.158448024,694389.9018638941
2019-09-11 00:00:00-04:00,1985878.3874237237,1284968.4907372324,700909.8966864913
2019-09-12 00:00:00-04:00,1993613.1564876274,1289789.4360488453,703823.7204387821
2019-09-13 00:00:00-04:00,1988600.328111582,1287289.674968322,701310.6531432598
2019-09-16 00:00:00-04:00,1974398.1073017225,1276219.9565784931,698178.1507232294
2019-09-17 00:00:00-04:00,1983998.695548329,1282469.5953884607,701529.1001598684
2019-09-18 00:00:00-04:00,1983528.4862574409,1282290.8611332541,701237.6251241869
2019-09-19 00:00:00-04:00,1983444.0588902184,1281040.8231872194,702403.235702999
2019-09-20 00:00:00-04:00,1971192.6926881848,1276219.9565784931,694972.7361096916
2019-09-23 00:00:00-04:00,1972213.6482706862,1276934.2639762273,695279.3842944588
2019-09-24 00:00:00-04:00,1957088.2247355613,1271042.8020026512,686045.4227329101
2019-09-25 00:00:00-04:00,1970961.9810270595,1277215.5480925231,693746.4329345364
2019-09-26 00:00:00-04:00,1969304.7858256204,1278113.2332157663,691191.5526098541
2019-09-27 00:00:00-04:00,1960548.2447976398,1277933.6332288084,682614.6115688314
2019-09-30 00:00:00-04:00,1973684.8108602497,1284573.7170586258,689111.0938016239
2019-10-01 00:00:00-04:00,1949759.3268097148,1266268.8423142696,683490.4844954452
2019-10-02 00:00:00-04:00,1914498.0198117245,1242759.6604982342,671738.3593134903
2019-10-03 00:00:00-04:00,1928151.5112682674,1249040.6230570225,679110.8882112451
2019-10-04 00:00:00-04:00,1954482.6445070829,1265371.550705459,689111.0938016239
2019-10-07 00:00:00-04:00,1944685.2266058421,1257654.4178741002,687030.808731742
2019-10-08 00:00:00-04:00,1914473.4236884804,1237734.8747106264,676738.548977854
2019-10-09 00:00:00-04:00,1931667.670246486,1248323.010138056,683344.6601084302
2019-10-10 00:00:00-04:00,1947368.254986379,1258731.4668756416,688636.7881107375
2019-10-11 00:00:00-04:00,1972568.1778393476,1275062.3945240781,697505.7833152695
2019-10-14 00:00:00-04:00,1968187.9977417365,1270755.300358323,697432.6973834137
2019-10-15 00:00:00-04:00,1984773.6164376298,1278472.0396752495,706301.5767623802
2019-10-16 00:00:00-04:00,1981765.26317611,1277215.5480925231,704549.7150835871
2019-10-17 00:00:00-04:00,1992600.1049354337,1286189.0151008354,706411.0898345982
2019-10-18 00:00:00-04:00,1988861.935013501,1289239.3815752044,699622.5534382965
2019-10-21 00:00:00-04:00,1998656.0180679215,1292828.8628219932,705827.1552459282
2019-10-22 00:00:00-04:00,1990881.8824689686,1290675.394442002,700206.4880269666
2019-10-23 00:00:00-04:00,1994565.1249958896,1293008.2267002915,701556.898295598
2019-10-24 00:00:00-04:00,2000313.5904512177,1291931.7286189555,708381.8618322621
2019-10-25 00:00:00-04:00,2007765.4209764074,1293726.2331336904,714039.187842717
2019-10-28 00:00:00-04:00,2017860.464667752,1296777.2292311515,721083.2354366003
2019-10-29 00:00:00-04:00,2020172.4272773673,1304673.4898321491,715498.9374452182
2019-10-30 00:00:00-04:00,2027408.0592796803,1308441.9414428037,718966.1178368765
2019-10-31 00:00:00-04:00,2019481.216624308,1300186.559570777,719294.6570535309
2019-11-01 00:00:00-04:00,2037499.705981948,1311671.9079041309,725827.798077817
2019-11-04 00:00:00-05:00,2047014.052553189,1316697.0872061711,730316.9653470179
2019-11-05 00:00:00-05:00,2049389.68716793,1318671.2704107503,730718.4167571797
2019-11-06 00:00:00-05:00,2051515.674346444,1322439.722021405,729075.9523250391
2019-11-07 00:00:00-05:00,2056294.0683856495,1324772.6329825807,731521.4354030688
2019-11-08 00:00:00-05:00,2060649.5552098174,1326208.3310378324,734441.2241719848
2019-11-11 00:00:00-05:00,2058048.8132559932,1324593.032995623,733455.7802603702
2019-11-12 00:00:00-05:00,2060524.8991785012,1324952.2329695385,735572.6662089628
2019-11-13 00:00:00-05:00,2062681.507648806,1326926.4161741177,735755.0914746883
2019-11-14 00:00:00-05:00,2063353.1825785358,1328182.1994308657,735170.9831476699
2019-11-15 00:00:00-05:00,2075216.2058928225,1334643.2341939306,740572.9716988918
2019-11-18 00:00:00-05:00,2072928.2142408877,1331771.3658661083,741156.8483747792
2019-11-19 00:00:00-05:00,2071331.375101175,1329079.569742563,742251.805358612
2019-11-20 00:00:00-05:00,2065622.5948168254,1327823.471674269,737799.1231425562
2019-11-21 00:00:00-05:00,2060570.9366607284,1324414.22003753,736156.7166231984
2019-11-22 00:00:00-05:00,2064993.1528760297,1328361.9568235965,736631.1960524332
2019-11-25 00:00:00-05:00,2079279.8144065663,1333925.6212749642,745354.193131602
2019-11-26 00:00:00-05:00,2086624.783628012,1339847.383859837,746777.3997681752
2019-11-27 00:00:00-05:00,2097048.306508491,1345051.690931516,751996.615576975
2019-11-29 00:00:00-05:00,2088772.2308408758,1340206.4264279795,748565.8044128963
2019-12-02 00:00:00-05:00,2070340.2063866665,1329438.9271222514,740901.2792644151
2019-12-03 00:00:00-05:00,2056640.5964022186,1321542.3517097079,735098.2446925107
2019-12-04 00:00:00-05:00,2069336.4030655455,1330515.5826093606,738820.8204561849
2019-12-05 00:00:00-05:00,2074565.1670739534,1334284.191625788,740280.9754481654
2019-12-06 00:00:00-05:00,2092534.8165754392,1344333.9206067768,748200.8959686623
2019-12-09 00:00:00-05:00,2086987.2953158529,1342180.6096325587,744806.6856832942
2019-12-10 00:00:00-05:00,2080444.0944091692,1336258.0600188212,744186.0343903479
2019-12-11 00:00:00-05:00,2089231.4909509178,1341103.7967396767,748127.6942112411
2019-12-12 00:00:00-05:00,2106659.786329364,1352947.794126741,753711.992202623
2019-12-13 00:00:00-05:00,2104475.6013940657,1348281.814798616,756193.7865954496
2019-12-16 00:00:00-05:00,2118169.322369527,1354383.8069935385,763785.5153759887
2019-12-17 00:00:00-05:00,2117888.784639645,1353665.5644514803,764223.2201881645
2019-12-18 00:00:00-05:00,2115242.827012346,1350435.4405843802,764807.3864279657
2019-12-19 00:00:00-05:00,2123792.641128908,1354204.2070065807,769588.4341223275
2019-12-20 00:00:00-05:00,2135688.560321603,1362997.6805135026,772690.8798081003
2019-12-23 00:00:00-05:00,2138267.6766171902,1363536.008257057,774731.6683601331
2019-12-24 00:00:00-05:00,2137406.7738108085,1362272.6695232068,775134.1042876019
2019-12-26 00:00:00-05:00,2146593.068790296,1364619.117380858,781973.9514094379
2019-12-27 00:00:00-05:00,2148281.3794519734,1366965.722644282,781315.6568076912
2019-12-30 00:00:00-05:00,2138648.206167393,1362453.3713505752,776194.8348168177
2019-12-31 00:00:00-05:00,2142096.6737257545,1364438.7303650351,777657.9433607195
2020-01-02 00:00:00-05:00,2156886.2870818335,1366243.5449578995,790642.7421239341
2020-01-03 00:00:00-05:00,2141160.147681037,1357759.688606408,783400.4590746291
2020-01-06 00:00:00-05:00,2146568.6577717,1358120.4626380533,788448.1951336468
2020-01-07 00:00:00-05:00,2139419.395737049,1351081.1190650996,788338.2766719494
2020-01-08 00:00:00-05:00,2149677.1786013665,1355413.5555603027,794263.623041064
2020-01-09 00:00:00-05:00,2160739.2036975306,1359745.362432414,800993.8412651165
2020-01-10 00:00:00-05:00,2154359.0796116265,1355413.5555603027,798945.5240513235
2020-01-13 00:00:00-05:00,2172059.6469329195,1363896.7822887024,808162.8646442173
2020-01-14 00:00:00-05:00,2168697.2836480057,1363716.5526786528,804980.730969353
2020-01-15 00:00:00-05:00,2172275.6298709,1366965.722644282,805309.9072266178
2020-01-16 00:00:00-05:00,2189379.209877559,1376351.6714806599,813027.538396899
2020-01-17 00:00:00-05:00,2197012.586544998,1379961.6154779345,817050.9710670634
2020-01-21 00:00:00-05:00,2191593.1975748576,1374907.9457309868,816685.2518438707
2020-01-22 00:00:00-05:00,2194834.4681287906,1375991.2122605606,818843.25586823
2020-01-23 00:00:00-05:00,2196204.340467078,1374727.5587151642,821476.781751914
2020-01-24 00:00:00-05:00,2179002.4632376917,1364438.7303650351,814563.7328726565
2020-01-27 00:00:00-05:00,2145931.6432684828,1348193.1953484346,797738.447920048
2020-01-28 00:00:00-05:00,2164863.871605591,1354872.2371070618,809991.634498529
2020-01-29 00:00:00-05:00,2159321.2636857657,1348012.8083326118,811308.4553531538
2020-01-30 00:00:00-05:00,2170152.630764244,1355954.5592019977,814198.0715622467
2020-01-31 00:00:00-05:00,2130165.3519384805,1328878.8773820272,801286.4745564533
2020-02-03 00:00:00-05:00,2148048.7278841063,1334655.3544384493,813393.3734456572
2020-02-04 00:00:00-05:00,2184355.674229721,1352344.615204723,832011.0590249979
2020-02-05 00:00:00-05:00,2205330.195259568,1370575.9814531025,834754.2138064654
2020-02-06 00:00:00-05:00,2211272.066478993,1369312.1705019332,841959.8959770597
2020-02-07 00:00:00-05:00,2198264.4749442525,1359925.7494482365,838338.7254960159
2020-02-10 00:00:00-05:00,2213269.798006973,1364799.3469909076,848470.4510160654
2020-02-11 00:00:00-05:00,2217567.762451302,1368951.081658742,848616.6807925598
2020-02-12 00:00:00-05:00,2231430.165698721,1374547.0142935684,856883.1514051524
2020-02-13 00:00:00-05:00,2229971.745447603,1374185.9254503772,855785.8199972261
2020-02-14 00:00:00-05:00,2235310.563378728,1377074.1639785883,858236.3994001395
2020-02-18 00:00:00-05:00,2229502.331142152,1370936.755484748,858565.5756574043
2020-02-19 00:00:00-05:00,2238454.105331078,1371658.7757653575,866795.3295657209
2020-02-20 00:00:00-05:00,2231670.620304807,1372922.2719049808,858748.3483998264
2020-02-21 00:00:00-05:00,2208857.246229902,1366604.9486126367,842252.2976172655
2020-02-24 00:00:00-05:00,2143705.321803897,1333933.1767520667,809772.1450518306
2020-02-25 00:00:00-05:00,2083238.5096346592,1295485.5574581665,787752.9521764928
2020-02-26 00:00:00-05:00,2075926.899731047,1284113.8560928963,791813.0436381507
2020-02-27 00:00:00-05:00,1983028.9040586716,1230864.978452274,752163.9256063976
2020-02-28 00:00:00-05:00,1967007.3893757807,1214258.1971867091,752749.1921890714
2020-03-02 00:00:00-05:00,2056934.8414082937,1265341.171391276,791593.6700170178
2020-03-03 00:00:00-05:00,2005738.345574295,1239529.0644138153,766209.2811604796
2020-03-04 00:00:00-05:00,2086984.2989047375,1288806.9879168582,798177.3109878793
2020-03-05 00:00:00-05:00,2023203.3084455875,1249276.338202044,773926.9702435436
2020-03-06 00:00:00-05:00,1994982.8404519442,1234113.7549034709,760869.0855484733
2020-03-09 00:00:00-04:00,1861985.4355038563,1153969.5824587008,708015.8530451555
2020-03-10 00:00:00-04:00,1949995.5326465485,1203427.8929775662,746567.6396689822
2020-03-11 00:00:00-04:00,1860439.3344400236,1146388.448215187,714050.8862248366
2020-03-12 00:00:00-04:00,1690454.4687241265,1041875.8945426294,648578.574181497
2020-03-13 00:00:00-04:00,1823190.2236239729,1119673.383021089,703516.8406028837
2020-03-16 00:00:00-04:00,1625018.772554058,1005774.644403494,619244.128150564
2020-03-17 00:00:00-04:00,1741297.3639112585,1075088.748747781,666208.6151634777
2020-03-18 00:00:00-04:00,1662369.572771948,1016424.6402997005,645944.9324722475
2020-03-19 00:00:00-04:00,1648557.436196458,998735.3008305404,649822.1353659177
2020-03-20 00:00:00-04:00,1567143.290167836,942778.5716775295,624364.7184903065
2020-03-23 00:00:00-04:00,1515789.204609307,890973.5771923532,624815.6274169539
2020-03-24 00:00:00-04:00,1652620.9657792768,979421.0615670194,673199.9042122574
2020-03-25 00:00:00-04:00,1669507.307679715,1001292.5937210837,668214.7139586313
2020-03-26 00:00:00-04:00,1758647.8973755348,1055244.6816524458,703403.215723089
2020-03-27 00:00:00-04:00,1709023.7453619353,1029812.5522109327,679211.1931510027
2020-03-30 00:00:00-04:00,1769515.4711883343,1065599.148209903,703916.3229784314
2020-03-31 00:00:00-04:00,1745520.1791734304,1047615.1451337443,697905.034039686
2020-04-01 00:00:00-04:00,1673722.0250258078,1005470.5364501176,668251.4885756902
2020-04-02 00:00:00-04:00,1704723.3201035862,1022909.7581460298,681813.5619575564
2020-04-03 00:00:00-04:00,1682149.1010922138,1010012.243920483,672136.8571717308
2020-04-06 00:00:00-04:00,1795417.9613315896,1075226.8723135614,720191.0890180281
2020-04-07 00:00:00-04:00,1800574.356548701,1080676.6536881858,719897.7028605151
2020-04-08 00:00:00-04:00,1853462.6254881406,1118279.71230722,735182.9131809205
2020-04-09 00:00:00-04:00,1877050.7579096276,1140805.0293393116,736245.7285703159
2020-04-13 00:00:00-04:00,1861571.178346741,1117371.2448885285,744199.9334582126
2020-04-14 00:00:00-04:00,1925727.1487476295,1149161.150906039,776565.9978415907
2020-04-15 00:00:00-04:00,1879035.2262254287,1111376.4460249983,767658.7802004304
2020-04-16 00:00:00-04:00,1895762.288092216,1114101.2973608673,781660.9907313487
2020-04-17 00:00:00-04:00,1941569.4773222962,1152431.0197308136,789138.4575914828
2020-04-20 00:00:00-04:00,1907699.1183399768,1127907.4364108786,779791.6819290981
2020-04-21 00:00:00-04:00,1850404.8210065141,1099387.1631094837,751017.6578970306
2020-04-22 00:00:00-04:00,1888676.890462038,1115373.2934122311,773303.5970498071
2020-04-23 00:00:00-04:00,1883575.899038873,1111921.5422167904,771654.3568220825
2020-04-24 00:00:00-04:00,1912457.62844713,1128633.9427560177,783823.6856911124
2020-04-27 00:00:00-04:00,1944739.4296837035,1154611.01098355,790128.4187001535
2020-04-28 00:00:00-04:00,1942936.726050269,1167690.328876876,775246.397173393
2020-04-29 00:00:00-04:00,1984960.1595793404,1182222.738163367,802737.4214159735
2020-04-30 00:00:00-04:00,1957563.4999748846,1155155.949769569,802407.5502053153
2020-05-01 00:00:00-04:00,1902794.2757513714,1123002.5938222732,779791.6819290981
2020-05-04 00:00:00-04:00,1915335.9133798755,1126453.9515032812,788881.9618765943
2020-05-05 00:00:00-04:00,1927912.756632865,1130087.0341491825,797825.7224836824
2020-05-06 00:00:00-04:00,1918655.4175055644,1115917.996089591,802737.4214159735
2020-05-07 00:00:00-04:00,1943161.1344234287,1130087.0341491825,813074.1002742461
2020-05-08 00:00:00-04:00,1983187.6987816158,1158970.5999745901,824217.0988070257
2020-05-11 00:00:00-04:00,1983652.5110279324,1152067.8059096874,831584.705118245
2020-05-12 00:00:00-04:00,1937902.9894340932,1123729.4149789582,814173.5744551349
2020-05-13 00:00:00-04:00,1900828.0931739165,1096844.2728471668,803983.8203267498
2020-05-14 00:00:00-04:00,1923215.4496055618,1110104.9221909535,813110.5274146084
2020-05-15 00:00:00-04:00,1931945.6777191514,1113556.515980621,818389.1617385303
2020-05-18 00:00:00-04:00,1998966.156645869,1165328.8487679062,833637.3078779628
2020-05-19 00:00:00-04:00,1979074.32296195,1147526.3345479812,831547.9884139688
2020-05-20 00:00:00-04:00,2012209.59866386,1164057.088825202,848152.509838658
2020-05-21 00:00:00-04:00,2002246.0613796855,1163330.582480063,838915.4788996225
2020-05-22 00:00:00-04:00,2002235.1405499997,1160423.848773528,841811.2917764719
2020-05-26 00:00:00-04:00,2033024.0356829802,1193485.3573279695,839538.6783550107
2020-05-27 00:00:00-04:00,2062674.9943435555,1218554.4303541293,844120.5639894264
2020-05-28 00:00:00-04:00,2057215.2480932805,1214194.4478486567,843020.8002446237
2020-05-29 00:00:00-04:00,2071021.3142471672,1215647.7753504808,855373.5388966863
2020-06-01 00:00:00-04:00,2081580.2260292703,1223640.919204741,857939.3068245293
2020-06-02 00:00:00-04:00,2098234.1469077365,1234539.931033785,863694.2158739518
2020-06-03 00:00:00-04:00,2133727.8168394887,1266148.3481950618,867579.4686444269
2020-06-04 00:00:00-04:00,2129460.0664522527,1267965.2043295582,861494.8621226947
2020-06-05 00:00:00-04:00,2185415.341105003,1306839.3932682048,878575.9478367984
2020-06-08 00:00:00-04:00,2208763.877733825,1323370.1475454257,885393.7301883991
2020-06-09 00:00:00-04:00,2190836.691639625,1299028.36789327,891808.3237463549
2020-06-10 00:00:00-04:00,2179922.363350774,1277410.8886567778,902511.4746939962
2020-06-11 00:00:00-04:00,2060361.1870284933,1202568.4574571548,857792.7295713384
2020-06-12 00:00:00-04:00,2084073.3473254489,1219462.6616641614,864610.6856612874
2020-06-15 00:00:00-04:00,2106037.4118294492,1230906.9270907703,875130.4847386788
2020-06-16 00:00:00-04:00,2146861.258836578,1256702.3490562963,890158.909780282
2020-06-17 00:00:00-04:00,2140418.912703787,1247437.681367991,892981.2313357961
2020-06-18 00:00:00-04:00,2140839.779177813,1245439.4150801476,895400.3640976654
2020-06-19 00:00:00-04:00,2132881.762245151,1237627.9174878937,895253.8447572573
2020-06-22 00:00:00-04:00,2143073.4316626387,1237083.1361076476,905990.2955549913
2020-06-23 00:00:00-04:00,2151692.3817316988,1237991.288714793,913701.0930169057
2020-06-24 00:00:00-04:00,2097637.441007511,1202772.7701504687,894864.6708570427
2020-06-25 00:00:00-04:00,2115294.3926416785,1211911.0410030796,903383.3516385988
2020-06-26 00:00:00-04:00,2073490.995455781,1191441.2072573055,882049.7881984754
2020-06-29 00:00:00-04:00,2108881.215421493,1217211.1294876104,891670.0859338829
2020-06-30 00:00:00-04:00,2140066.6973116375,1230918.417712197,909148.2795994405
2020-07-01 00:00:00-04:00,2147205.722269568,1227445.967657611,919759.754611957
2020-07-02 00:00:00-04:00,2163134.619161532,1237132.56152036,926002.057641172
2020-07-06 00:00:00-04:00,2199972.70763682,1251205.4246526673,948767.2829841531
2020-07-07 00:00:00-04:00,2180826.2232975373,1238594.8611512433,942231.3621462942
2020-07-08 00:00:00-04:00,2193053.8326085107,1238411.8769401666,954641.955668344
2020-07-09 00:00:00-04:00,2180991.405156214,1218307.854210773,962683.5509454408
2020-07-10 00:00:00-04:00,2209495.6459449045,1240239.5153701114,969256.1305747932
2020-07-13 00:00:00-04:00,2189191.501793368,1239873.4682450718,949318.0335482961
2020-07-14 00:00:00-04:00,2219853.0419692616,1263815.9094512048,956037.1325180567
2020-07-15 00:00:00-04:00,2242817.6310214982,1284834.2236128896,957983.4074086087
2020-07-16 00:00:00-04:00,2237378.5507323677,1285930.9483360522,951447.6023963153
2020-07-17 00:00:00-04:00,2242500.5101138316,1289951.4065892305,952549.1035246011
2020-07-20 00:00:00-04:00,2255818.184846196,1276244.1970675304,979573.9877786656
2020-07-21 00:00:00-04:00,2259317.6872768523,1289951.4065892305,969366.2806876218
2020-07-22 00:00:00-04:00,2274246.5775247607,1301465.8749905839,972780.7025341766
2020-07-23 00:00:00-04:00,2250117.0441035964,1302745.1117075041,947371.9323960923
2020-07-24 00:00:00-04:00,2235637.6007465133,1297261.7242003505,938375.8765461629
2020-07-27 00:00:00-04:00,2259143.6747036134,1304024.1123157649,955119.5623878484
2020-07-28 00:00:00-04:00,2239130.695709006,1296164.9994771879,942965.6962318181
2020-07-29 00:00:00-04:00,2267910.8211947274,1314076.5171948941,953834.3039998333
2020-07-30 00:00:00-04:00,2255907.492870458,1297079.3696123657,958828.1232580922
2020-07-31 00:00:00-04:00,2269180.3787053814,1293241.3446500588,975939.0340553225
2020-08-03 00:00:00-04:00,2285285.9094954915,1296164.9994771879,989120.9100183034
2020-08-04 00:00:00-04:00,2292430.6967234677,1299638.0004519795,992792.6962714883
2020-08-05 00:00:00-04:00,2306038.6323038167,1310786.26432252,995252.3679812966
2020-08-06 00:00:00-04:00,2315931.2740744194,1307496.7984790106,1008434.4755954087
2020-08-07 00:00:00-04:00,2320558.155288839,1323762.8749489835,996795.2803398555
2020-08-10 00:00:00-04:00,2331833.286416618,1339297.7229006286,992535.5635159895
2020-08-11 00:00:00-04:00,2314678.529201342,1340942.6132281562,973735.9159731853
2020-08-12 00:00:00-04:00,2347759.7602121057,1349532.875882175,998226.8843299304
2020-08-13 00:00:00-04:00,2342725.4431714695,1342222.0073508497,1000503.4358206199
2020-08-14 00:00:00-04:00,2343195.473207517,1343866.7402726044,999328.7329349128
2020-08-17 00:00:00-04:00,2356077.693358184,1345146.1343952976,1010931.5589628865
2020-08-18 00:00:00-04:00,2360690.390977299,1340028.5579045245,1020661.8330727742
2020-08-19 00:00:00-04:00,2349072.254326561,1335276.7924301315,1013795.4618964295
2020-08-20 00:00:00-04:00,2357469.89945105,1329611.1290378796,1027858.7704131702
2020-08-21 00:00:00-04:00,2365142.3931388026,1330160.002968223,1034982.3901705793
2020-08-24 00:00:00-04:00,2388601.208456622,1347156.6783334326,1041444.5301231893
2020-08-25 00:00:00-04:00,2391123.9908259963,1341491.1723469538,1049632.8184790425
2020-08-26 00:00:00-04:00,2413338.969879677,1341308.2668387636,1072030.7030409134
2020-08-27 00:00:00-04:00,2416942.997376412,1348253.1669479357,1068689.8304284764
2020-08-28 00:00:00-04:00,2431698.440498542,1357574.4220116234,1074124.0184869186
2020-08-31 00:00:00-04:00,2428629.529216583,1345876.9693991933,1082752.5598173896
2020-09-01 00:00:00-04:00,2453715.7409688886,1352456.688115077,1101259.0528538118
2020-09-02 00:00:00-04:00,2489913.8739594035,1378227.1612655874,1111686.712693816
2020-09-03 00:00:00-04:00,2403942.686620188,1348618.6631527701,1055324.023467418
2020-09-04 00:00:00-04:00,2387320.8630893994,1346060.0323131566,1041260.8307762428
2020-09-08 00:00:00-04:00,2312966.639635572,1321752.6458223946,991213.9938131776
2020-09-09 00:00:00-04:00,2363467.130597224,1343135.7478629355,1020331.3827342885
2020-09-10 00:00:00-04:00,2324117.7731145713,1324128.371153818,999989.4019607533
2020-09-11 00:00:00-04:00,2327412.607713694,1334362.8945122727,993049.7132014217
2020-09-14 00:00:00-04:00,2360973.1413795995,1350629.0496851322,1010344.0916944674
2020-09-15 00:00:00-04:00,2374014.544920899,1349350.1277797578,1024664.4171411414
2020-09-16 00:00:00-04:00,2366447.2234525857,1358122.6663188748,1008324.5571337112
2020-09-17 00:00:00-04:00,2349963.5977377184,1357391.201691887,992572.3960458311
2020-09-18 00:00:00-04:00,2324502.129219217,1344597.5752765,979904.5539427169
2020-09-21 00:00:00-04:00,2292127.335883731,1309872.6812162069,982254.6546675243
2020-09-22 00:00:00-04:00,2316773.008947407,1316269.5731267869,1000503.4358206199
2020-09-23 00:00:00-04:00,2259477.238036398,1289523.026778095,969954.211258303
2020-09-24 00:00:00-04:00,2269875.803804,1295405.4379197252,974470.3658842747
2020-09-25 00:00:00-04:00,2303927.9761841255,1306802.2455057842,997125.7306783412
2020-09-28 00:00:00-04:00,2343938.3030423154,1326103.656198808,1017834.6468435073
2020-09-29 00:00:00-04:00,2328870.730956289,1315626.0196240025,1013244.7113322866
2020-09-30 00:00:00-04:00,2346472.767507477,1326288.1357647278,1020184.6317427492
2020-10-01 00:00:00-04:00,2361194.771084255,1324817.493627877,1036377.2774563781
2020-10-02 00:00:00-04:00,2342518.1075052214,1335295.0514997959,1007223.0560054254
2020-10-05 00:00:00-04:00,2384954.48211536,1356251.1116782716,1028703.3704370882
2020-10-06 00:00:00-04:00,2354095.2961297124,1343751.204435245,1010344.0916944674
2020-10-07 00:00:00-04:00,2392712.8118736893,1364890.6423392296,1027822.1695344596
2020-10-08 00:00:00-04:00,2413440.9008045346,1380147.826507357,1033293.0742971778
2020-10-09 00:00:00-04:00,2435480.1301901652,1386398.4097519622,1049081.720438203
2020-10-12 00:00:00-04:00,2476321.8388691535,1394854.2478758653,1081467.5909932884
2020-10-13 00:00:00-04:00,2462865.418745034,1381434.776107153,1081430.642637881
2020-10-14 00:00:00-04:00,2452914.299331119,1380516.3134218778,1072397.985909241
2020-10-15 00:00:00-04:00,2450128.4182119956,1384927.1379920195,1065201.280219976
2020-10-16 00:00:00-04:00,2445393.413398333,1386030.5524605333,1059362.8609377993
2020-10-19 00:00:00-04:00,2407694.9551924067,1365626.3569220875,1042068.598270319
2020-10-20 00:00:00-04:00,2416369.0984256305,1372060.3178922017,1044308.780533429
2020-10-21 00:00:00-04:00,2413170.892617887,1369670.111229665,1043500.7813882217
2020-10-22 00:00:00-04:00,2421957.672342962,1378493.4918334512,1043464.180509511
2020-10-23 00:00:00-04:00,2429161.0597189353,1383640.9754210885,1045520.0842978468
2020-10-26 00:00:00-04:00,2385173.375988424,1355332.0193699047,1029841.356618519
2020-10-27 00:00:00-04:00,2371156.415805537,1333273.1743460072,1037883.2414595297
2020-10-28 00:00:00-04:00,2293376.414938081,1295957.0664510957,997419.3484869852
2020-10-29 00:00:00-04:00,2320560.174740592,1305699.6967690217,1014860.4779715702
2020-10-30 00:00:00-04:00,2289857.209251175,1300736.2992328717,989120.9100183034
2020-11-02 00:00:00-05:00,2329008.8882908123,1337684.6285392407,991324.2597515717
2020-11-03 00:00:00-05:00,2369685.6554763704,1361214.115699989,1008471.5397763815
2020-11-04 00:00:00-05:00,2404592.5617929,1351104.257713726,1053488.3040791738
2020-11-05 00:00:00-05:00,2455586.98719635,1374633.4300629285,1080953.5571334215
2020-11-06 00:00:00-05:00,2458232.6244956143,1376471.2998681164,1081761.324627498
2020-11-09 00:00:00-05:00,2484841.86572377,1425184.923675065,1059656.9420487054
2020-11-10 00:00:00-05:00,2489388.4782120874,1448714.8830531323,1040673.5951589548
2020-11-11 00:00:00-05:00,2502005.757889879,1438052.8456152936,1063952.9122745856
2020-11-12 00:00:00-05:00,2477342.786472733,1418383.5776308407,1058959.2088418922
2020-11-13 00:00:00-05:00,2514205.585774067,1445956.8190991667,1068248.7666749002
2020-11-16 00:00:00-05:00,2551217.5542896376,1474633.6324417796,1076583.921847858
2020-11-17 00:00:00-05:00,2535670.2627974693,1462501.110272863,1073169.1525246066
2020-11-18 00:00:00-05:00,2510276.0801068055,1445038.1990081188,1065237.8810986867
2020-11-19 00:00:00-05:00,2522655.4202244524,1449082.2681272423,1073573.1520972103
2020-11-20 00:00:00-05:00,2507039.271494123,1440809.8077288484,1066229.463765275
2020-11-23 00:00:00-05:00,2523988.5257204287,1457722.1135997463,1066266.4121206822
2020-11-24 00:00:00-05:00,2563785.21150483,1482537.9207371988,1081247.2907676313
2020-11-25 00:00:00-05:00,2557930.902995172,1470037.541276853,1087893.3617183187
2020-11-27 00:00:00-05:00,2568139.936767866,1470222.335654319,1097917.601113547
2020-11-30 00:00:00-05:00,2556408.2866548207,1456251.3140571225,1100156.9725976982
2020-12-01 00:00:00-05:00,2576942.3055111025,1462684.9602156908,1114257.3452954118
2020-12-02 00:00:00-05:00,2573043.006607824,1457353.9414967715,1115689.0651110522
2020-12-03 00:00:00-05:00,2577195.640930877,1459927.5258848171,1117268.1150460597
2020-12-04 00:00:00-05:00,2602704.614019808,1480883.7434690658,1121820.8705507421
2020-12-07 00:00:00-05:00,2594902.6262589386,1466729.1867405875,1128173.439518351
2020-12-08 00:00:00-05:00,2607544.9331643526,1475552.7247501465,1131992.2084142063
2020-12-09 00:00:00-05:00,2583937.434057911,1477574.7593097081,1106362.6747482026
2020-12-10 00:00:00-05:00,2580659.8327483046,1469854.320957117,1110805.5117911876
2020-12-11 00:00:00-05:00,2575074.67934527,1466729.1867405875,1108345.4926046827
2020-12-14 00:00:00-05:00,2568041.905384496,1451655.2228921962,1116386.6824923
2020-12-15 00:00:00-05:00,2599461.3779063886,1471140.9557453669,1128320.4221610215
2020-12-16 00:00:00-05:00,2602173.3520153333,1467647.8068316353,1134525.545183698
2020-12-17 00:00:00-05:00,2615841.288651557,1473898.3900762405,1141942.8985753166
2020-12-18 00:00:00-05:00,2607793.794619518,1469302.61372286,1138491.1808966578
2020-12-21 00:00:00-05:00,2597759.589999383,1461398.325427441,1136361.264571942
2020-12-22 00:00:00-05:00,2592026.1622528667,1452574.787417882,1139451.3748349848
2020-12-23 00:00:00-05:00,2591376.902305182,1457663.8734637478,1133713.0288414345
2020-12-24 00:00:00-05:00,2600451.9264646806,1461736.2756220058,1138715.6508426745
2020-12-28 00:00:00-05:00,2617110.4164979253,1466918.0736681505,1150192.342829775
2020-12-29 00:00:00-05:00,2609997.2972388444,1458774.6860035912,1151222.6112352535
2020-12-30 00:00:00-05:00,2618547.5457403455,1467288.449451947,1151259.0962883988
2020-12-31 00:00:00-05:00,2632484.9540681867,1478393.111923375,1154091.8421448115
2021-01-04 00:00:00-05:00,2592869.5583358463,1455073.4466579943,1137796.111677852
2021-01-05 00:00:00-05:00,2612798.596028388,1465622.4667508414,1147176.1292775467
2021-01-06 00:00:00-05:00,2631702.106202258,1500417.0128656733,1131285.0933365843
2021-01-07 00:00:00-05:00,2664251.979653162,1505598.810911818,1158653.1687413438
2021-01-08 00:00:00-05:00,2678225.3256847635,1504674.209401397,1173551.1162833662
2021-01-11 00:00:00-05:00,2659231.219380482,1502638.008322268,1156593.2110582143
2021-01-12 00:00:00-05:00,2669976.6583543634,1515222.757276925,1154753.9010774384
2021-01-13 00:00:00-05:00,2671112.7211099165,1508560.4005302326,1162552.3205796839
2021-01-14 00:00:00-05:00,2663970.817062324,1507634.854585174,1156335.96247715
2021-01-15 00:00:00-05:00,2645002.243120148,1497826.113842601,1147176.1292775467
2021-01-19 00:00:00-05:00,2665255.440728607,1501342.401404959,1163913.0393236482
2021-01-20 00:00:00-05:00,2698252.100461764,1507264.9510186964,1190987.1494430674
2021-01-21 00:00:00-05:00,2696119.772953908,1495605.2757917792,1200514.4971621288
2021-01-22 00:00:00-05:00,2688960.0891317944,1491903.5642288635,1197056.524902931
2021-01-25 00:00:00-05:00,2702186.9494376765,1495235.2148195286,1206951.7346181478
2021-01-26 00:00:00-05:00,2703581.6305320878,1494864.3668184134,1208717.2637136746
2021-01-27 00:00:00-05:00,2644161.5918125245,1469138.9117189723,1175022.6800935522
2021-01-28 00:00:00-05:00,2661848.66446345,1479873.6706239227,1181974.9938395277
2021-01-29 00:00:00-05:00,2605148.6866641305,1448040.3993159595,1157108.2873481708
2021-02-01 00:00:00-05:00,2644426.0681634247,1458404.9398428865,1186021.128320538
2021-02-02 00:00:00-05:00,2677655.6312215314,1472285.6105263985,1205370.020695133
2021-02-03 00:00:00-05:00,2675834.973309722,1475247.0427390402,1200587.9305706813
2021-02-04 00:00:00-05:00,2700583.1653076876,1485796.0628318873,1214787.1024758006
2021-02-05 00:00:00-05:00,2716733.131684661,1497826.113842601,1218907.0178420597
2021-02-08 00:00:00-05:00,2737299.2935148943,1510226.2258255652,1227073.0676893292
2021-02-09 00:00:00-05:00,2734821.007897028,1508005.0729631975,1226815.9349338303
2021-02-10 00:00:00-05:00,2736837.345441877,1512817.4396601834,1224019.9057816938
2021-02-11 00:00:00-05:00,2738572.0404819706,1507820.1211799586,1230751.919302012
2021-02-12 00:00:00-05:00,2751743.1423484776,1514112.5743601737,1237630.567988304
2021-02-16 00:00:00-05:00,2740993.147407404,1506709.9382632072,1234283.2091441967
2021-02-17 00:00:00-05:00,2737661.5377877173,1509300.8372862795,1228360.7005014378
2021-02-18 00:00:00-05:00,2728219.0496040247,1505229.0647511133,1222989.9848529117
2021-02-19 00:00:00-05:00,2723439.864429284,1505783.7626950566,1217656.1017342273
2021-02-22 00:00:00-05:00,2699282.6504044086,1513187.9728497528,1186094.6775546558
2021-02-23 00:00:00-05:00,2699822.93411141,1517259.430573373,1182563.5035380367
2021-02-24 00:00:00-05:00,2723636.0382020497,1531324.423417032,1192311.6147850177
2021-02-25 00:00:00-05:00,2659859.9381666332,1509115.5706914947,1150744.3674751387
2021-02-26 00:00:00-05:00,2645431.083916278,1489867.6779612803,1155563.4059549978
2021-03-01 00:00:00-05:00,2708324.212391203,1517999.237706328,1190324.9746848748
2021-03-02 00:00:00-05:00,2688862.656116138,1517628.8619225316,1171233.7941936066
2021-03-03 00:00:00-05:00,2649321.2057621903,1512077.0029041364,1137244.2028580538
2021-03-04 00:00:00-05:00,2610534.714530198,1491903.5642288635,1118631.1503013347
2021-03-05 00:00:00-05:00,2667544.279384263,1532065.4897961707,1135478.7895880924
2021-03-08 00:00:00-05:00,2654086.5631926656,1550758.05495935,1103328.5082333155
2021-03-09 00:00:00-05:00,2690754.984966429,1543910.116806327,1146844.8681601023
2021-03-10 00:00:00-05:00,2711911.255189703,1568339.9649884587,1143571.290201244
2021-03-11 00:00:00-05:00,2736953.885908786,1567044.6728826957,1169909.2130260905
2021-03-12 00:00:00-05:00,2740418.8934299806,1580000.427244241,1160418.4661857397
2021-03-15 00:00:00-04:00,2764845.125097353,1592029.8486318628,1172815.2764654902
2021-03-16 00:00:00-04:00,2758512.495494646,1579259.518270875,1179252.9772237712
2021-03-17 00:00:00-04:00,2767069.3831138695,1582961.2298337908,1184108.1532800787
2021-03-18 00:00:00-04:00,2722656.187785178,1574817.9995750044,1147838.1882101735
2021-03-19 00:00:00-04:00,2720039.799198666,1568155.01320522,1151884.7859934461
2021-03-22 00:00:00-04:00,2746638.6598974667,1573152.1742796719,1173486.4856177948
2021-03-23 00:00:00-04:00,2728617.2156482562,1560250.5675040279,1168366.6481442284
2021-03-24 00:00:00-04:00,2715047.5545435683,1566385.6149112738,1148661.9396322945
2021-03-25 00:00:00-04:00,2733507.3393043107,1586834.3562834698,1146672.983020841
2021-03-26 00:00:00-04:00,2780266.1431803014,1616392.4845489368,1163873.6586313646
2021-03-29 00:00:00-04:00,2777889.444538387,1614347.6261522947,1163541.8183860923
2021-03-30 00:00:00-04:00,2767757.5335277487,1610071.8557353604,1157685.677792388
2021-03-31 00:00:00-04:00,2778967.14945368,1603565.4881096804,1175401.6613439994
2021-04-01 00:00:00-04:00,2806439.6300863633,1611001.6516362892,1195437.9784500743
2021-04-05 00:00:00-04:00,2845735.643148396,1626430.880314272,1219304.7628341243
2021-04-06 00:00:00-04:00,2846933.1217075475,1628475.7387109143,1218457.3829966332
2021-04-07 00:00:00-04:00,2839654.9598943554,1618250.9745103838,1221403.9853839718
2021-04-08 00:00:00-04:00,2850725.8423481975,1616578.3807668134,1234147.4615813838
2021-04-09 00:00:00-04:00,2867125.6327130133,1625501.399224889,1241624.2334881246
2021-04-12 00:00:00-04:00,2873870.5628555543,1633866.7290293348,1240003.8338262194
2021-04-13 00:00:00-04:00,2880724.126891038,1626245.4563137142,1254478.6705773238
2021-04-14 00:00:00-04:00,2868448.098119069,1629033.584770317,1239414.5133487517
2021-04-15 00:00:00-04:00,2898757.832124645,1640559.3076844374,1258198.5244402078
2021-04-16 00:00:00-04:00,2910641.279939195,1650969.3384797527,1259671.9414594427
2021-04-19 00:00:00-04:00,2899112.929749864,1650969.3384797527,1248143.5912701113
2021-04-20 00:00:00-04:00,2889830.060949322,1650783.757073422,1239046.3038758999
2021-04-21 00:00:00-04:00,2921444.41697534,1671790.3445050207,1249654.072470319
2021-04-22 00:00:00-04:00,2894296.3432965474,1659706.7755314976,1234589.56776505
2021-04-23 00:00:00-04:00,2920435.880049346,1670303.332167781,1250132.5478815648
2021-04-26 00:00:00-04:00,2920209.992877246,1661937.6875517892,1258272.305325457
2021-04-27 00:00:00-04:00,2916246.337260586,1663425.0147005748,1252821.3225600114
2021-04-28 00:00:00-04:00,2911824.153648233,1663238.8036711523,1248585.349977081
2021-04-29 00:00:00-04:00,2934163.990856207,1681084.8405873035,1253079.1502689035
2021-04-30 00:00:00-04:00,2918515.4650862264,1673649.6214953323,1244865.8435908938
2021-05-03 00:00:00-04:00,2929173.717411048,1690937.4975405347,1238236.2198705128
2021-05-04 00:00:00-04:00,2918416.306233597,1702463.5352662012,1215952.7709673955
2021-05-05 00:00:00-04:00,2918046.3246611655,1706181.6170295058,1211864.7076316597
2021-05-06 00:00:00-04:00,2938334.6898751315,1717335.862319419,1220998.8275557128
2021-05-07 00:00:00-04:00,2957908.8962554433,1727002.4656490008,1230906.4306064425
2021-05-10 00:00:00-04:00,2936304.4539130777,1736483.1727607062,1199821.2811523718
2021-05-11 00:00:00-04:00,2911037.5912720473,1712874.3530903812,1198163.238181666
2021-05-12 00:00:00-04:00,2844890.8604247645,1677739.3382886169,1167151.5221361478
2021-05-13 00:00:00-04:00,2884959.076899322,1708784.1640797777,1176174.9128195446
2021-05-14 00:00:00-04:00,2923380.519487854,1721239.3680832812,1202141.1514045731
2021-05-17 00:00:00-04:00,2912184.7519431566,1717335.862319419,1194848.8896237377
2021-05-18 00:00:00-04:00,2887015.6610516263,1700233.0954632284,1186782.5655883981
2021-05-19 00:00:00-04:00,2880198.1697949786,1692053.0322535671,1188145.1375414112
2021-05-20 00:00:00-04:00,2915636.6496836487,1704508.7084743895,1211127.9412092594
2021-05-21 00:00:00-04:00,2910048.539224864,1705623.770970103,1204424.7682547607
2021-05-24 00:00:00-04:00,2934767.9487819113,1710085.7524164596,1224682.1963654517
2021-05-25 00:00:00-04:00,2931814.020013701,1705437.8747522265,1226376.145261475
2021-05-26 00:00:00-04:00,2936644.1663034065,1705995.5634058563,1230648.6028975502
2021-05-27 00:00:00-04:00,2937059.7285929685,1711015.0761000696,1226044.6524928992
2021-05-28 00:00:00-04:00,2944645.184409448,1714733.0004576012,1229912.1839518468
2021-06-01 00:00:00-04:00,2942788.0746742114,1716964.0698836658,1225824.0047905454
2021-06-02 00:00:00-04:00,2949457.1398368427,1721239.3680832812,1228217.7717535615
2021-06-03 00:00:00-04:00,2939093.3245362113,1723655.8615099036,1215437.4630263078
2021-06-04 00:00:00-04:00,2966411.3507039333,1730348.5975707793,1236062.753133154
2021-06-07 00:00:00-04:00,2962101.1405647723,1722354.9027963136,1239746.2377684584
2021-06-08 00:00:00-04:00,2962690.46104224,1722354.9027963136,1240335.5582459262
2021-06-09 00:00:00-04:00,2955735.094538429,1715105.1077049002,1240629.9868335288
2021-06-10 00:00:00-04:00,2970707.897678181,1717149.8086957694,1253558.0889824117
2021-06-11 00:00:00-04:00,2976773.773814001,1719937.9371523722,1256835.8366616291
2021-06-14 00:00:00-04:00,2981381.309998019,1712501.9310315363,1268879.3789664828
2021-06-15 00:00:00-04:00,2975325.7551630875,1714733.0004576012,1260592.7547054861
2021-06-16 00:00:00-04:00,2953991.1451495443,1698002.3408487095,1255988.804300835
2021-06-17 00:00:00-04:00,2951534.9694816526,1679598.1430616097,1271936.8264200431
2021-06-18 00:00:00-04:00,2910136.7267525727,1648181.052617377,1261955.6741351958
2021-06-21 00:00:00-04:00,2950883.527067478,1681084.8405873035,1269798.686480174
2021-06-22 00:00:00-04:00,2965279.3495494165,1683644.101050009,1281635.2484994074
2021-06-23 00:00:00-04:00,2960302.70939819,1678040.61293808,1282262.09646011
2021-06-24 00:00:00-04:00,2975702.516519782,1685512.507575153,1290190.0089446292
2021-06-25 00:00:00-04:00,2985511.6674187565,1696907.426291936,1288604.2411268207
2021-06-28 00:00:00-04:00,2996139.4607297704,1691863.6731086853,1304275.7876210848
2021-06-29 00:00:00-04:00,2997123.4007494617,1688127.4896814893,1308995.9110679727
2021-06-30 00:00:00-04:00,2999915.5740837306,1692984.7170237717,1306930.857059959
2021-07-01 00:00:00-04:00,3009024.358124598,1701577.498170158,1307446.85995444
2021-07-02 00:00:00-04:00,3027021.276596587,1704566.3189872962,1322454.957609291
2021-07-06 00:00:00-04:00,3021154.9713390702,1692984.7170237717,1328170.2543152987
2021-07-07 00:00:00-04:00,3039088.2740553105,1708115.5043562048,1330972.7696991055
2021-07-08 00:00:00-04:00,3013863.912631589,1690929.7846576592,1322934.12797393
2021-07-09 00:00:00-04:00,3044166.098604682,1712972.1020753952,1331193.996529287
2021-07-12 00:00:00-04:00,3054595.5556148626,1718202.3810996143,1336393.1745152483
2021-07-13 00:00:00-04:00,3041519.3858369957,1705126.2113217474,1336393.1745152483
2021-07-14 00:00:00-04:00,3045410.815239473,1706621.0939476355,1338789.7212918373
2021-07-15 00:00:00-04:00,3038623.1937608346,1709236.0760539721,1329387.1177068623
2021-07-16 00:00:00-04:00,3021317.8113510543,1702698.0698679253,1318619.741483129
2021-07-19 00:00:00-04:00,2984548.376925599,1676732.7283704793,1307815.6485551195
2021-07-20 00:00:00-04:00,3024772.363507417,1701764.3388226724,1323008.0246847447
2021-07-21 00:00:00-04:00,3041337.7223636634,1708115.5043562048,1333222.2180074586
2021-07-22 00:00:00-04:00,3043799.724112073,1701764.3388226724,1342035.3852894004
2021-07-23 00:00:00-04:00,3074975.2759415368,1717268.8074601342,1357706.4684814024
2021-07-26 00:00:00-04:00,3080340.85231023,1721565.1980333272,1358775.6542769026
2021-07-27 00:00:00-04:00,3067798.8958097547,1723993.8117044684,1343805.0841052865
2021-07-28 00:00:00-04:00,3065675.441832659,1716708.128096818,1348967.3137358406
2021-07-29 00:00:00-04:00,3086565.857191676,1735201.4175514183,1351364.4396402575
2021-07-30 00:00:00-04:00,3073545.409379586,1729224.0907286876,1344321.3186508985
2021-08-02 00:00:00-04:00,3070854.0010498455,1726421.9531582906,1344432.047891555
2021-08-03 00:00:00-04:00,3093386.722492695,1740805.5352864391,1352581.1872062555
2021-08-04 00:00:00-04:00,3078342.598851132,1723806.971051954,1354535.6277991782
2021-08-05 00:00:00-04:00,3090296.03166012,1727169.158362575,1363126.8732975451
2021-08-06 00:00:00-04:00,3092915.109263779,1735761.9395089615,1357153.1697548176
2021-08-09 00:00:00-04:00,3092994.980360803,1733333.9554609123,1359661.0248998906
2021-08-10 00:00:00-04:00,3100035.036197343,1747343.698878259,1352691.3373190842
2021-08-11 00:00:00-04:00,3112469.964376292,1762101.2771229823,1350368.6872533096
2021-08-12 00:00:00-04:00,3116776.6643338725,1761540.755165439,1355235.9091684332
2021-08-13 00:00:00-04:00,3127884.554193003,1767891.9206989715,1359992.6334940316
2021-08-16 00:00:00-04:00,3134265.5280113993,1773682.8790865068,1360582.6489248925
2021-08-17 00:00:00-04:00,3109018.6670226255,1760420.0260618988,1348598.6409607267
2021-08-18 00:00:00-04:00,3076798.3704324197,1741179.3739972408,1335618.9964351787
2021-08-19 00:00:00-04:00,3081009.587146725,1738937.600978614,1342071.986168111
2021-08-20 00:00:00-04:00,3105745.757338985,1749772.1551436272,1355973.602195358
2021-08-23 00:00:00-04:00,3129388.736859386,1753134.6572657942,1376254.0795935914
2021-08-24 00:00:00-04:00,3133779.392167818,1753321.6553240817,1380457.7368437361
2021-08-25 00:00:00-04:00,3140595.5548354113,1758551.9343483008,1382043.6204871105
2021-08-26 00:00:00-04:00,3120237.6923651444,1746970.1749790031,1373267.5173861415
2021-08-27 00:00:00-04:00,3145354.5681074113,1758738.617595042,1386615.9505123692
2021-08-30 00:00:00-04:00,3163717.6387569816,1761540.755165439,1402176.8835915425
2021-08-31 00:00:00-04:00,3162574.4404251017,1761540.755165439,1401033.6852596623
2021-09-01 00:00:00-04:00,3162842.9362385715,1759486.1376108727,1403356.7986276988
2021-09-02 00:00:00-04:00,3172079.374999337,1769386.4885133137,1402692.8864860234
2021-09-03 00:00:00-04:00,3169855.52365296,1762848.4823272668,1407007.0413256933
2021-09-07 00:00:00-04:00,3149617.398139287,1740618.8520396978,1408998.5460995887
2021-09-08 00:00:00-04:00,3153679.574494605,1749585.3144911127,1404094.2600034922
2021-09-09 00:00:00-04:00,3138201.4715968245,1738937.600978614,1399263.8706182104
2021-09-10 00:00:00-04:00,3117681.2735759974,1729037.564887719,1388643.7086882784
2021-09-13 00:00:00-04:00,3118777.1197641743,1731091.8676307395,1387685.2521334346
2021-09-14 00:00:00-04:00,3102876.3960112724,1719136.7417679592,1383739.6542433132
2021-09-15 00:00:00-04:00,3126800.714477949,1732773.433503369,1394027.2809745797
2021-09-16 00:00:00-04:00,3121221.901380346,1726235.5847230952,1394986.3166572512
2021-09-17 00:00:00-04:00,3086582.083902742,1708115.5043562048,1378466.5795465373
2021-09-20 00:00:00-04:00,3034374.650766108,1684391.7784716124,1349982.872294496
2021-09-21 00:00:00-04:00,3028189.772867663,1676545.7303121919,1351644.0425554712
2021-09-22 00:00:00-04:00,3053069.5117206834,1688800.7141724785,1364268.7975482047
2021-09-23 00:00:00-04:00,3082735.164606807,1705877.9812934482,1376857.1833133583
2021-09-24 00:00:00-04:00,3084027.198790406,1705877.9812934482,1378149.2174969576
2021-09-27 00:00:00-04:00,3073589.358676454,1706441.0217433588,1367148.3369330955
2021-09-28 00:00:00-04:00,3011820.0067649093,1683358.566977843,1328461.4397870665
2021-09-29 00:00:00-04:00,3019024.939376978,1692741.3676987614,1326283.571678217
2021-09-30 00:00:00-04:00,2982812.1130588157,1661401.0912717374,1321411.0217870786
2021-10-01 00:00:00-04:00,3003768.6765153795,1674162.764315212,1329605.9122001675
2021-10-04 00:00:00-04:00,2970606.093895759,1668907.7725846365,1301698.3213111225
2021-10-05 00:00:00-04:00,2998124.039515705,1678854.4007843304,1319269.6387313744
2021-10-06 00:00:00-04:00,3012019.6740310728,1684296.390573193,1327723.2834578797
2021-10-07 00:00:00-04:00,3038464.521367235,1698559.3998792472,1339905.1214879882
2021-10-08 00:00:00-04:00,3026903.7020627875,1693679.9783229765,1333223.7237398108
2021-10-11 00:00:00-04:00,3010109.4991030814,1687111.4354169734,1322998.0636861082
2021-10-12 00:00:00-04:00,3004744.729497581,1686360.9246914566,1318383.8048061242
2021-10-13 00:00:00-04:00,3019243.388205308,1690301.7356235124,1328941.6525817956
2021-10-14 00:00:00-04:00,3076183.83602148,1722767.7781388117,1353416.0578826682
2021-10-15 00:00:00-04:00,3087714.207389733,1725770.6080697442,1361943.5993199884
2021-10-18 00:00:00-04:00,3095967.0344983637,1720327.9886577898,1375639.0458405737
2021-10-19 00:00:00-04:00,3116511.1873277063,1730462.08713309,1386049.100194616
2021-10-20 00:00:00-04:00,3129528.0328348787,1745287.6646717358,1384240.3681631428
2021-10-21 00:00:00-04:00,3137042.6867953213,1744349.3688590666,1392693.317936255
2021-10-22 00:00:00-04:00,3131158.663103317,1750167.0862280068,1380991.5768753102
2021-10-25 00:00:00-04:00,3152428.410956461,1757298.3547723743,1395130.0561840865
2021-10-26 00:00:00-04:00,3158135.151587464,1758612.063353575,1399523.088233889
2021-10-27 00:00:00-04:00,3143180.2057976015,1740408.557927011,1402771.6478705907
2021-10-28 00:00:00-04:00,3179213.51764957,1760863.9103416717,1418349.6073078983
2021-10-29 00:00:00-04:00,3185627.7766026407,1760301.184703307,1425326.591899334
2021-11-01 00:00:00-04:00,3199508.2609088435,1769308.88746724,1430199.3734416035
2021-11-02 00:00:00-04:00,3216560.6875654375,1780381.1243494363,1436179.5632160013
2021-11-03 00:00:00-04:00,3241940.474595662,1790514.9080131906,1451425.5665824714
2021-11-04 00:00:00-04:00,3259044.62956289,1789013.8865621567,1470030.7430007337
2021-11-05 00:00:00-04:00,3267579.092168625,1796145.4699180704,1471433.6222505546
2021-11-08 00:00:00-05:00,3266899.086375128,1797458.7062819519,1469440.3800931762
2021-11-09 00:00:00-05:00,3255658.389473806,1796332.9401936766,1459325.4492801297
2021-11-10 00:00:00-05:00,3232521.8897332326,1794643.9762497174,1437877.913483515
2021-11-11 00:00:00-05:00,3237259.0005990723,1795394.4869752345,1441864.5136238376
2021-11-12 00:00:00-05:00,3264254.128093779,1807217.3919887207,1457036.7361050586
2021-11-15 00:00:00-05:00,3267299.363377259,1810595.1624708658,1456704.2009063931
2021-11-16 00:00:00-05:00,3281238.918884565,1814161.032851709,1467077.8860328558
2021-11-17 00:00:00-05:00,3272255.3794425977,1804402.5045507133,1467852.8748918844
2021-11-18 00:00:00-05:00,3281646.244867401,1798584.3149644544,1483061.929902947
2021-11-19 00:00:00-05:00,3287100.4593648436,1795769.7423379929,1491330.7170268507
2021-11-22 00:00:00-05:00,3276167.602731712,1802150.0279395247,1474017.5747921874
2021-11-23 00:00:00-05:00,3274328.6781843984,1807029.4494957956,1467299.2286886028
2021-11-24 00:00:00-05:00,3273048.4786604927,1801024.2618512493,1472024.2168092434
2021-11-26 00:00:00-05:00,3213988.3964315755,1769871.7705113776,1444116.6259201982
2021-11-29 00:00:00-05:00,3254524.470688955,1779067.4157682357,1475457.054920719
2021-11-30 00:00:00-05:00,3183124.3401073986,1729336.1636390416,1453788.176468357
2021-12-01 00:00:00-05:00,3147881.984060824,1718826.967206756,1429055.0168540678
2021-12-02 00:00:00-05:00,3190835.2526022266,1751480.7948092073,1439354.4577930192
2021-12-03 00:00:00-05:00,3172562.4777460806,1758236.6505850435,1414325.8271610374
2021-12-06 00:00:00-05:00,3208104.4380890024,1782445.6584676998,1425658.7796213026
2021-12-07 00:00:00-05:00,3267363.015447112,1798772.1000516065,1468590.9153955055
2021-12-08 00:00:00-05:00,3274872.7994613177,1799710.8680815946,1475161.9313797231
2021-12-09 00:00:00-05:00,3251477.3048411394,1798021.4319203168,1453455.8729208228
2021-12-10 00:00:00-05:00,3280977.0390926,1811721.40077646,1469255.6383161398
2021-12-13 00:00:00-05:00,3262378.1057083597,1814348.6605330883,1448029.4451752717
2021-12-14 00:00:00-05:00,3238945.962690153,1805903.998219066,1433041.964471087
2021-12-15 00:00:00-05:00,3285690.0014906414,1819978.2780033303,1465711.723487311
2021-12-16 00:00:00-05:00,3256257.058534915,1828235.7848532922,1428021.273681623
2021-12-17 00:00:00-05:00,3217980.6831213525,1797083.6083249664,1420897.074796386
2021-12-20 00:00:00-05:00,3181865.066144977,1774751.3494734215,1407113.7166715558
2021-12-21 00:00:00-05:00,3231560.069774677,1792954.5400884396,1438605.5296862375
2021-12-22 00:00:00-05:00,3257525.2436658866,1801399.3598082347,1456125.8838576518
2021-12-23 00:00:00-05:00,3281046.86573074,1813943.4980734657,1467103.3676572747
2021-12-27 00:00:00-05:00,3330230.831868682,1838880.1928445585,1491350.6390241235
2021-12-28 00:00:00-05:00,3329930.1084504067,1845491.7075265818,1484438.4009238249
2021-12-29 00:00:00-05:00,3337454.000014022,1853237.1733970752,1484216.8266169468
2021-12-30 00:00:00-05:00,3330373.927170219,1850592.7564111934,1479781.1707590255
2021-12-31 00:00:00-05:00,3325289.3065949315,1854748.583629125,1470540.7229658065
2022-01-03 00:00:00-05:00,3329433.4308791365,1844736.1598163298,1484697.271062807
2022-01-04 00:00:00-05:00,3330012.4320364576,1864572.4353259031,1465439.9967105542
2022-01-05 00:00:00-05:00,3278947.2143267416,1858527.1092092495,1420420.1051174921
2022-01-06 00:00:00-05:00,3271904.050962961,1852481.783092596,1419422.2678703647
2022-01-07 00:00:00-05:00,3257660.8753297124,1853615.262063747,1404045.6132659656
2022-01-10 00:00:00-05:00,3244416.754906222,1839446.8536272473,1404969.901278975
2022-01-11 00:00:00-05:00,3276479.157838615,1850403.8694836304,1426075.2883549847
2022-01-12 00:00:00-05:00,3282889.7313805865,1851159.2597881092,1431730.4715924773
2022-01-13 00:00:00-05:00,3243483.7421529824,1847569.7785413207,1395913.9636116615
2022-01-14 00:00:00-05:00,3244424.970961917,1839824.7848881462,1404600.1860737712
2022-01-18 00:00:00-05:00,3190566.9807463875,1820933.258827934,1369633.7219184537
2022-01-19 00:00:00-05:00,3164000.1113061067,1809409.5821888621,1354590.5291172443
2022-01-20 00:00:00-05:00,3123169.7360437363,1786173.3419831553,1336996.394060581
2022-01-21 00:00:00-05:00,3069472.3416158045,1769548.9312710178,1299923.410344787
2022-01-24 00:00:00-05:00,3081468.048756305,1775594.0999818984,1305873.9487744065
2022-01-25 00:00:00-05:00,3033816.0363499355,1758214.1415595089,1275601.8947904268
2022-01-26 00:00:00-05:00,3015196.456026013,1741589.8882531445,1273606.5677728686
2022-01-27 00:00:00-05:00,3005015.0121722333,1744234.6200505723,1260780.392121661
2022-01-28 00:00:00-05:00,3064022.764973306,1763692.8068934735,1300329.9580798324
2022-01-31 00:00:00-05:00,3120906.683783017,1778994.536895351,1341912.1468876658
2022-02-01 00:00:00-05:00,3139859.665989473,1788817.91637481,1351041.749614663
2022-02-02 00:00:00-05:00,3164061.6284702504,1802042.0475792678,1362019.5808909826
2022-02-03 00:00:00-05:00,3094671.2878872994,1787873.1669254492,1306798.1209618505
2022-02-04 00:00:00-05:00,3090376.4284551865,1767093.0864011531,1323283.3420540334
2022-02-07 00:00:00-05:00,3078409.1555357226,1765770.8779082121,1312638.2776275105
2022-02-08 00:00:00-05:00,3102602.3997831577,1775216.1687209993,1327386.2310621582
2022-02-09 00:00:00-05:00,3150944.0996963712,1795429.7458683795,1355514.3538279918
2022-02-10 00:00:00-05:00,3091550.7498434475,1766714.9977344812,1324835.7521089665
2022-02-11 00:00:00-05:00,3032145.2312633945,1749335.5115294107,1282809.7197339835
2022-02-14 00:00:00-05:00,3021643.705789297,1737244.859296104,1284398.846493193
2022-02-15 00:00:00-05:00,3068692.172780292,1752358.0171819644,1316334.1555983275
2022-02-16 00:00:00-05:00,3071949.0356680006,1755947.1836172072,1316001.8520507931
2022-02-17 00:00:00-05:00,3008436.025036678,1731577.3070345763,1276858.7180021019
2022-02-18 00:00:00-05:00,2993684.2412630497,1731388.7349185594,1262295.5063444902
2022-02-22 00:00:00-05:00,2966081.8523914553,1716464.149148716,1249617.7032427397
2022-02-23 00:00:00-05:00,2914803.5456461487,1697195.1640449236,1217608.381601225
2022-02-24 00:00:00-05:00,2952887.1611572257,1694361.5453199327,1258525.615837293
2022-02-25 00:00:00-05:00,3023220.425960011,1745178.8972826141,1278041.5286773967
2022-02-28 00:00:00-05:00,3014748.31370463,1732899.8303390632,1281848.4833655667
2022-03-01 00:00:00-05:00,2971885.158186825,1709663.4327275835,1262221.7254592413
2022-03-02 00:00:00-05:00,3028202.174253761,1744801.280833261,1283400.8934205
2022-03-03 00:00:00-05:00,3019503.8378721867,1754435.9307909303,1265067.9070812566
2022-03-04 00:00:00-05:00,3000603.9590991237,1753869.2700082413,1246734.6890908824
2022-03-07 00:00:00-05:00,2922507.6460902942,1721754.0849608902,1200753.5611294038
2022-03-08 00:00:00-05:00,2895012.244690435,1699839.7384365783,1195172.5062538567
2022-03-09 00:00:00-05:00,2960517.4690962434,1722320.7457435792,1238196.723352664
2022-03-10 00:00:00-05:00,2939399.2718364513,1714952.896322439,1224446.3755140123
2022-03-11 00:00:00-05:00,2898704.2923222715,1699651.1663205614,1199053.1260017103
2022-03-14 00:00:00-04:00,2883044.819478189,1707018.8583359288,1176025.9611422603
2022-03-15 00:00:00-04:00,2943924.965158471,1731010.6462518875,1212914.3189065836
2022-03-16 00:00:00-04:00,3003265.476991527,1745368.099021723,1257897.3779698038
2022-03-17 00:00:00-04:00,3038141.2218738375,1765015.3301979601,1273125.8916758774
2022-03-18 00:00:00-04:00,3069866.274350982,1770682.4102421687,1299183.8641088137
2022-03-21 00:00:00-04:00,3068710.488016385,1773138.4125178065,1295572.0754985786
2022-03-22 00:00:00-04:00,3104561.8416431653,1783528.2953741816,1321033.5462689837
2022-03-23 00:00:00-04:00,3067979.7363866176,1765931.2743908677,1302048.46199575
2022-03-24 00:00:00-04:00,3113417.5696771424,1782428.816049992,1330988.75362715
2022-03-25 00:00:00-04:00,3129752.1169869355,1799873.7830566177,1329878.3339303178
2022-03-28 00:00:00-04:00,3153931.033050861,1803476.1715767898,1350454.8614740716
2022-03-29 00:00:00-04:00,3197271.8678382365,1823576.2591618593,1373695.6086763775
2022-03-30 00:00:00-04:00,3178875.205927856,1820352.7463372238,1358522.459590632
2022-03-31 00:00:00-04:00,3141367.64898663,1799683.7942886439,1341683.8546979865
2022-04-01 00:00:00-04:00,3151139.8918664427,1812009.2959352208,1339130.5959312217
2022-04-04 00:00:00-04:00,3176435.1299114972,1809733.9954869517,1366701.1344245456
2022-04-05 00:00:00-04:00,3142296.5286972187,1805941.4607930328,1336355.0679041857
2022-04-06 00:00:00-04:00,3122194.3909042357,1814854.0904700924,1307340.3004341433
2022-04-07 00:00:00-04:00,3138007.285859256,1827557.995594887,1310449.2902643692
2022-04-08 00:00:00-04:00,3124808.2935710186,1832678.0905780278,1292130.2029929906
2022-04-11 00:00:00-04:00,3076036.2207126925,1814474.5851514637,1261561.6355612285
2022-04-12 00:00:00-04:00,3068621.492615504,1812388.6438480765,1256232.848767428
2022-04-13 00:00:00-04:00,3104206.7464834857,1822438.5302348381,1281768.2162486475
2022-04-14 00:00:00-04:00,3065984.739592914,1813526.5301808706,1252458.2094120434
2022-04-18 00:00:00-04:00,3059171.969150666,1805751.944242378,1253420.0249082881
2022-04-19 00:00:00-04:00,3113733.8861675337,1832298.900070945,1281434.986096589
2022-04-20 00:00:00-04:00,3116092.4807979567,1853346.4130035157,1262746.067794441
2022-04-21 00:00:00-04:00,3079725.651668487,1843107.1674718722,1236618.4841966152
2022-04-22 00:00:00-04:00,3001076.3384933956,1796839.7867826372,1204236.5517107584
2022-04-25 00:00:00-04:00,3019010.5863747164,1799304.6037815614,1219705.982593155
2022-04-26 00:00:00-04:00,2946046.7565364535,1772378.7722574573,1173667.9842789962
2022-04-27 00:00:00-04:00,2952225.3887470895,1779963.5268337491,1172261.8619133402
2022-04-28 00:00:00-04:00,3009597.377722116,1795701.9004498431,1213895.4772722733
2022-04-29 00:00:00-04:00,2897329.727445741,1738057.7027077165,1159272.0247380245
2022-05-02 00:00:00-04:00,2908720.688751313,1730093.2854070233,1178627.4033442896
2022-05-03 00:00:00-04:00,2918891.3741410607,1739005.75767831,1179885.616462751
2022-05-04 00:00:00-04:00,3013017.19440602,1793237.0834509193,1219780.1109551007
2022-05-05 00:00:00-04:00,2904747.9216500027,1746400.9957039468,1158346.9259460561
2022-05-06 00:00:00-04:00,2887646.2638077177,1743177.3254735384,1144468.9383341796
2022-05-09 00:00:00-04:00,2818974.328550351,1719285.175411869,1099689.153138482
2022-05-10 00:00:00-04:00,2818681.8703402183,1705632.5856933892,1113049.2846468291
2022-05-11 00:00:00-04:00,2773155.9125908893,1693117.7249019307,1080038.1876889586
2022-05-12 00:00:00-04:00,2780841.750865052,1703357.28524512,1077484.465619932
2022-05-13 00:00:00-04:00,2842579.402471091,1725163.4940034023,1117415.9084676888
2022-05-16 00:00:00-04:00,2834177.735255756,1729714.2523057135,1104463.4829500425
2022-05-17 00:00:00-04:00,2883453.6656232625,1750382.8895427475,1133070.7760805152
2022-05-18 00:00:00-04:00,2752551.4433614695,1675103.5786202485,1077447.8647412213
2022-05-19 00:00:00-04:00,2736538.872515483,1664864.3330886047,1071674.5394268779
2022-05-20 00:00:00-04:00,2736241.683944324,1667898.1719568123,1068343.5119875118
2022-05-23 00:00:00-04:00,2777328.8632980203,1691221.3001491982,1086107.5631488224
2022-05-24 00:00:00-04:00,2763337.583527739,1700322.9741595937,1063014.6093681457
2022-05-25 00:00:00-04:00,2784662.5278112506,1706770.4720261833,1077892.0557850674
2022-05-26 00:00:00-04:00,2840125.9993985775,1732368.9006668383,1107757.0987317392
2022-05-27 00:00:00-04:00,2905863.5975877247,1761949.6953636128,1143913.9022241118
2022-05-31 00:00:00-04:00,2884246.4708229094,1743367.3142415122,1140879.1565813972
2022-06-01 00:00:00-04:00,2854570.761861227,1722129.4977294218,1132441.2641318052
2022-06-02 00:00:00-04:00,2908717.2478041314,1745263.1093711527,1163454.138432979
2022-06-03 00:00:00-04:00,2865929.165857981,1732747.7763623751,1133181.389495606
2022-06-06 00:00:00-04:00,2876910.0731510245,1739953.812648903,1136956.2605021214
2022-06-07 00:00:00-04:00,2897904.4816933097,1751141.2705569128,1146763.2111363967
2022-06-08 00:00:00-04:00,2868225.3551996443,1729714.2523057135,1138511.102893931
2022-06-09 00:00:00-04:00,2807201.56157999,1699185.2452325725,1108016.316347418
2022-06-10 00:00:00-04:00,2733989.4203376053,1665053.6922334868,1068935.7281041183
2022-06-13 00:00:00-04:00,2632142.5164964,1612908.4651700375,1019234.0513263623
2022-06-14 00:00:00-04:00,2619771.3341437043,1598686.8535822744,1021084.48056143
2022-06-15 00:00:00-04:00,2653043.6680047098,1606460.652491902,1046583.0155128079
2022-06-16 00:00:00-04:00,2570808.6361418506,1566451.5679301478,1004357.0682117027
2022-06-17 00:00:00-04:00,2579797.381890853,1563227.8976997396,1016569.4841911136
2022-06-21 00:00:00-04:00,2635594.875156497,1593377.5568600246,1042217.3182964725
2022-06-22 00:00:00-04:00,2637846.032683767,1597149.1565861385,1040696.8760976285
2022-06-23 00:00:00-04:00,2668966.2212261744,1612770.2629013706,1056195.9583248035
2022-06-24 00:00:00-04:00,2751065.9976788117,1658680.8047032845,1092385.1929755271
2022-06-27 00:00:00-04:00,2742675.9695022637,1658299.8827326992,1084376.0867695645
2022-06-28 00:00:00-04:00,2686397.576181912,1635058.7629480301,1051338.813233882
2022-06-29 00:00:00-04:00,2685456.278642525,1633153.6808777845,1052302.5977647407
2022-06-30 00:00:00-04:00,2665356.0016818596,1626105.2077699986,1039250.793911861
2022-07-01 00:00:00-04:00,2692980.6572106453,1646869.862528544,1046110.7946821011
2022-07-05 00:00:00-04:00,2699078.7382250633,1635058.7629480301,1064019.9752770334
2022-07-06 00:00:00-04:00,2712377.9126070724,1641535.695694165,1070842.2169129073
2022-07-07 00:00:00-04:00,2745960.6296995943,1652203.7145513766,1093756.915148218
2022-07-08 00:00:00-04:00,2737426.5244329413,1642297.5396353358,1095128.9847976053
2022-07-11 00:00:00-04:00,2709077.1449531512,1637344.9243946343,1071732.220558517
2022-07-12 00:00:00-04:00,2692407.986336885,1631058.1378222462,1061349.8485146388
2022-07-13 00:00:00-04:00,2681838.6888756957,1622676.4378174115,1059162.251058284
2022-07-14 00:00:00-04:00,2677429.3773071105,1614484.7265805507,1062944.6507265596
2022-07-15 00:00:00-04:00,2717665.1225872324,1635439.6849186155,1082225.4376686169
2022-07-18 00:00:00-04:00,2694600.194064137,1621533.1996883366,1073066.9943758005
2022-07-19 00:00:00-04:00,2762652.4653782565,1656585.2616477462,1106067.20373051
2022-07-20 00:00:00-04:00,2782095.8130023675,1658490.186312219,1123605.6266901486
2022-07-21 00:00:00-04:00,2810607.54308783,1670872.5114428375,1139735.0316449925
2022-07-22 00:00:00-04:00,2793669.9629672365,1673920.5168306122,1119749.446136624
2022-07-25 00:00:00-04:00,2794531.5087565295,1681159.7657352367,1113371.7430212928
2022-07-26 00:00:00-04:00,2770368.6362127773,1678873.4468828598,1091495.1893299175
2022-07-27 00:00:00-04:00,2834402.434601052,1696780.8720504688,1137621.5625505834
2022-07-28 00:00:00-04:00,2868766.8952375096,1720021.6770235917,1148745.218213918
2022-07-29 00:00:00-04:00,2902479.901434845,1732785.0815305687,1169694.8199042762
2022-08-01 00:00:00-04:00,2902346.8333011083,1733356.4644864467,1168990.3688146616
2022-08-02 00:00:00-04:00,2881335.4209833806,1715830.590912515,1165504.8300708653
2022-08-03 00:00:00-04:00,2924124.314767453,1726879.689146085,1197244.6256213682
2022-08-04 00:00:00-04:00,2925531.6900319047,1722688.2882234622,1202843.4018084428
2022-08-05 00:00:00-04:00,2920087.522752382,1727069.8353198317,1193017.6874325501
2022-08-08 00:00:00-04:00,2924804.0169865107,1735642.6259330509,1189161.3910534598
2022-08-09 00:00:00-04:00,2904676.682774391,1728974.9173900774,1175701.7653843139
2022-08-10 00:00:00-04:00,2967781.247277106,1759264.825094078,1208516.4221830284
2022-08-11 00:00:00-04:00,2967970.29874248,1766313.298201864,1201657.0005406162
2022-08-12 00:00:00-04:00,3017275.1414428046,1792221.0291864034,1225054.112256401
2022-08-15 00:00:00-04:00,3035556.7673458923,1800603.0440027837,1234953.7233431083
2022-08-16 00:00:00-04:00,3042570.9263811144,1810508.9041072787,1232062.0222738357
2022-08-17 00:00:00-04:00,3017277.97806394,1799269.1874826432,1218008.790581297
2022-08-18 00:00:00-04:00,3021922.374164078,1800984.1233791423,1220938.2507849357
2022-08-19 00:00:00-04:00,2980591.4512325292,1783458.2498052104,1197133.2014273189
2022-08-22 00:00:00-04:00,2919547.02835018,1753930.6582596994,1165616.3700904804
2022-08-23 00:00:00-04:00,2914201.0760149164,1749548.9537575569,1164652.1222573596
2022-08-24 00:00:00-04:00,2921385.586356286,1753359.1178980484,1168026.4684582376
2022-08-25 00:00:00-04:00,2961850.278982286,1773170.838107038,1188679.4408752478
2022-08-26 00:00:00-04:00,2860931.51450645,1720973.981950055,1139957.532556395
2022-08-29 00:00:00-04:00,2843982.0497125518,1715259.36536241,1128722.684350142
2022-08-30 00:00:00-04:00,2813123.6172485594,1696971.0182242156,1116152.5990243435
2022-08-31 00:00:00-04:00,2794252.7439363874,1684588.6930935967,1109664.0508427906
2022-09-01 00:00:00-04:00,2798925.7802256765,1688779.7792046736,1110146.0010210027
2022-09-02 00:00:00-04:00,2768954.0857183384,1674492.3720038093,1094461.713714529
2022-09-06 00:00:00-04:00,2759187.996760248,1672587.1325277905,1086600.8642324575
2022-09-07 00:00:00-04:00,2818286.3164936677,1709734.4227311925,1108551.893762475
2022-09-08 00:00:00-04:00,2828605.6722978414,1714306.7456244007,1114298.9266734407
2022-09-09 00:00:00-04:00,2870873.364089002,1732213.5411689177,1138659.8229200845
2022-09-12 00:00:00-04:00,2895074.7479204014,1742881.4026203563,1152193.3453000449
2022-09-13 00:00:00-04:00,2771694.7310293387,1682683.768429124,1089010.9626002146
2022-09-14 00:00:00-04:00,2773094.8694781386,1675444.3621187266,1097650.507359412
2022-09-15 00:00:00-04:00,2730050.206741317,1650679.8692632623,1079370.337478055
2022-09-16 00:00:00-04:00,2715829.8645045245,1643059.3835765065,1072770.4809280178
2022-09-19 00:00:00-04:00,2739614.586154812,1658490.186312219,1081124.3998425934
2022-09-20 00:00:00-04:00,2706803.6651221425,1634296.9190068594,1072506.746115283
2022-09-21 00:00:00-04:00,2665645.393434657,1612343.2210393054,1053302.172395351
2022-09-22 00:00:00-04:00,2637178.4076203094,1596840.0116480272,1040338.395972282
2022-09-23 00:00:00-04:00,2602440.0024852897,1579039.9372175832,1023400.0652677064
2022-09-26 00:00:00-04:00,2580022.6919446136,1560857.209353051,1019165.4825915626
2022-09-27 00:00:00-04:00,2570095.200212461,1550521.3166768043,1019573.8835356567
2022-09-28 00:00:00-04:00,2617173.1966846585,1577317.4458439816,1039855.7508406767
2022-09-29 00:00:00-04:00,2559060.5723663224,1549181.636143064,1009878.9362232586
2022-09-30 00:00:00-04:00,2523179.3559245244,1530424.5346129674,992754.8213115569
2022-10-03 00:00:00-04:00,2590108.695561077,1574063.5537051633,1016045.1418559138
2022-10-04 00:00:00-04:00,2661673.5451838616,1613682.9015730459,1047990.643610816
2022-10-05 00:00:00-04:00,2654417.002864916,1606983.7118754785,1047433.2909894373
2022-10-06 00:00:00-04:00,2625117.307374349,1585930.217523535,1039187.0898508141
2022-10-07 00:00:00-04:00,2551451.1573619386,1551861.4694278638,999589.6879340747
2022-10-10 00:00:00-04:00,2542990.046021828,1553392.3979757617,989597.6480460664
2022-10-11 00:00:00-04:00,2534179.618217208,1558177.690879797,976001.9273374109
2022-10-12 00:00:00-04:00,2518724.82234302,1543056.820111061,975668.0022319589
2022-10-13 00:00:00-04:00,2580460.2780605196,1581910.7037049946,998549.5743555251
2022-10-14 00:00:00-04:00,2517909.1425096076,1549373.0415629942,968536.1009466136
2022-10-17 00:00:00-04:00,2581663.61674962,1581145.2394310455,1000518.3773185747
2022-10-18 00:00:00-04:00,2613309.30357995,1604878.881879335,1008430.421700615
2022-10-19 00:00:00-04:00,2594319.6072655944,1589566.7630964413,1004752.844169153
2022-10-20 00:00:00-04:00,2566608.2310374244,1566981.710573508,999626.5204639164
2022-10-21 00:00:00-04:00,2626795.769827991,1603729.9771424332,1023065.7926855579
2022-10-24 00:00:00-04:00,2657191.3136756974,1622870.5191354826,1034320.7945402147
2022-10-25 00:00:00-04:00,2701937.550661191,1646220.878526592,1055716.672134599
2022-10-26 00:00:00-04:00,2688180.0894556893,1655791.1495231166,1032388.9399325724
2022-10-27 00:00:00-04:00,2673403.495828693,1659810.0337185652,1013593.4621101278
2022-10-28 00:00:00-04:00,2740977.4841596354,1696367.2096791058,1044610.2744805298
2022-10-31 00:00:00-04:00,2720600.7804361936,1688137.2488394135,1032463.5315967802
2022-11-01 00:00:00-04:00,2706989.1744392575,1685074.9195262985,1021914.2549129588
2022-11-02 00:00:00-04:00,2634446.855357729,1647561.0312776514,986885.8240800775
2022-11-03 00:00:00-04:00,2612488.220498061,1644881.0405870785,967607.1799109825
2022-11-04 00:00:00-04:00,2656953.654335361,1673782.4719677183,983171.1823676428
2022-11-07 00:00:00-05:00,2684031.8647301784,1690051.1456329455,993980.7190972327
2022-11-08 00:00:00-05:00,2701802.38881276,1700578.2863233497,1001224.1024894102
2022-11-09 00:00:00-05:00,2652284.5341482125,1674164.9679960334,978119.5661521794
2022-11-10 00:00:00-05:00,2805611.7934788708,1755318.1901484225,1050293.6033304485
2022-11-11 00:00:00-05:00,2841042.0911539714,1771395.773205265,1069646.3179487064
2022-11-14 00:00:00-05:00,2817517.7717406186,1757232.2443477274,1060285.5273928912
2022-11-15 00:00:00-05:00,2847119.547514718,1772161.237479214,1074958.3100355037
2022-11-16 00:00:00-05:00,2821728.376167543,1761442.8487746522,1060285.5273928912
2022-11-17 00:00:00-05:00,2810966.439544638,1753021.1677034835,1057945.2718411547
2022-11-18 00:00:00-05:00,2825741.9111311827,1767759.2276323587,1057982.6834988242
2022-11-21 00:00:00-05:00,2825001.9462670987,1777902.92785981,1047099.0184072887
2022-11-22 00:00:00-05:00,2860371.400497988,1798191.4301551234,1062179.9703428643
2022-11-23 00:00:00-05:00,2875051.689439757,1802210.7865678908,1072840.9028718662
2022-11-25 00:00:00-05:00,2872013.5624930384,1806230.1429806582,1065783.4195123804
2022-11-28 00:00:00-05:00,2826517.114267338,1776371.9993119119,1050145.1149554262
2022-11-29 00:00:00-05:00,2817610.788533749,1775415.1296180324,1042195.6589157166
2022-11-30 00:00:00-05:00,2898040.7493945975,1808335.7600056666,1089704.9893889306
2022-12-01 00:00:00-05:00,2904736.8350894917,1813694.6395464016,1091042.1955430903
2022-12-02 00:00:00-05:00,2907855.5980163803,1821159.2935179179,1086696.3044984625
2022-12-05 00:00:00-05:00,2855739.5094315386,1787281.793436404,1068457.7159951346
2022-12-06 00:00:00-05:00,2819245.519150974,1772926.701753163,1046318.817397811
2022-12-07 00:00:00-05:00,2813825.796166028,1771778.741450899,1042047.0547151287
2022-12-08 00:00:00-05:00,2835345.3527764557,1780965.8867960167,1054379.465980439
2022-12-09 00:00:00-05:00,2815224.07741553,1767567.822212428,1047656.2552031019
2022-12-12 00:00:00-05:00,2852106.5766255646,1791300.9924433986,1060805.584182166
2022-12-13 00:00:00-05:00,2876908.2056841906,1804698.8996212143,1072209.3060629764
2022-12-14 00:00:00-05:00,2854604.436075048,1790344.122749519,1064260.313325529
2022-12-15 00:00:00-05:00,2777145.31517844,1748619.157856628,1028526.157321812
2022-12-16 00:00:00-05:00,2747816.220462174,1729096.4346468095,1018719.7858153644
2022-12-19 00:00:00-05:00,2727374.5537504633,1722971.6186148068,1004402.9351356566
2022-12-20 00:00:00-05:00,2729463.69665646,1725842.6999137641,1003620.9967426958
2022-12-21 00:00:00-05:00,2765267.605700435,1747087.914497184,1018179.6912032512
2022-12-22 00:00:00-05:00,2727641.786729384,1734371.8891278708,993269.8976015134
2022-12-23 00:00:00-05:00,2741050.265046581,1745546.439762497,995503.8252840842
2022-12-27 00:00:00-05:00,2731792.2638574815,1750363.2138211264,981429.050036355
2022-12-28 00:00:00-05:00,2694366.4452440073,1725894.8012246168,968471.6440193906
2022-12-29 00:00:00-05:00,2740322.501488653,1748244.2173054155,992078.2841832375
2022-12-30 00:00:00-05:00,2725276.7200803244,1733793.8951295281,991482.8249507961
2023-01-03 00:00:00-05:00,2720308.6547113582,1735528.1919361022,984780.4627752561
2023-01-04 00:00:00-05:00,2745037.2202740815,1755565.474617757,989471.7456563243
2023-01-05 00:00:00-05:00,2703922.92033854,1729940.7592130161,973982.1611255236
2023-01-06 00:00:00-05:00,2771651.7214304116,1770785.9832407825,1000865.7381896293
2023-01-09 00:00:00-05:00,2771194.339053008,1763849.8978548965,1007344.4411981115
2023-01-10 00:00:00-05:00,2788198.50509132,1772326.9857581505,1015871.5193331693
2023-01-11 00:00:00-05:00,2827929.659636318,1794483.5797670619,1033446.0798692564
2023-01-12 00:00:00-05:00,2831395.730310741,1792364.425845578,1039031.3044651627
2023-01-13 00:00:00-05:00,2846251.617323119,1800071.327301694,1046180.2900214251
2023-01-17 00:00:00-05:00,2840281.658372165,1791979.0965133498,1048302.5618588153
2023-01-18 00:00:00-05:00,2793515.489829997,1758840.6165359262,1034674.8732940707
2023-01-19 00:00:00-05:00,2756569.7863060604,1732060.2279460458,1024509.5583600145
2023-01-20 00:00:00-05:00,2812543.7843115656,1759996.4471268386,1052547.3371847267
2023-01-23 00:00:00-05:00,2850570.14120726,1774639.5913746133,1075930.5498326467
2023-01-24 00:00:00-05:00,2847987.633561888,1774253.947230839,1073733.6863310488
2023-01-25 00:00:00-05:00,2838476.5506127095,1767125.5119903847,1071351.0386223246
2023-01-26 00:00:00-05:00,2862061.67210697,1769822.1876928923,1092239.4844140778
2023-01-27 00:00:00-05:00,2870430.2069078204,1767318.176656499,1103112.0302513214
2023-01-30 00:00:00-05:00,2839263.4416721594,1758455.1297979248,1080808.3118742346
2023-01-31 00:00:00-05:00,2886865.1857256545,1789859.942591866,1097005.2431337885
2023-02-01 00:00:00-05:00,2926506.738830964,1806043.4597339167,1120463.2790970474
2023-02-02 00:00:00-05:00,2979821.1825754484,1819144.6570296856,1160676.525545763
2023-02-03 00:00:00-05:00,2945128.981085594,1805080.2938091184,1140048.6872764751
2023-02-06 00:00:00-05:00,2923154.5742162867,1792749.7551778066,1130404.81903848
2023-02-07 00:00:00-05:00,2953896.654820198,1800071.327301694,1153825.327518504
2023-02-08 00:00:00-05:00,2915077.130129257,1781767.8692092947,1133309.2609199623
2023-02-09 00:00:00-05:00,2885794.1428552875,1762501.2451920968,1123292.8976631905
2023-02-10 00:00:00-05:00,2892101.1943085482,1776180.5938919813,1115920.600416567
2023-02-13 00:00:00-05:00,2931166.729891564,1797373.5497587756,1133793.1801327886
2023-02-14 00:00:00-05:00,2932223.293140507,1790052.4498522072,1142170.8432882996
2023-02-15 00:00:00-05:00,2947909.4119600584,1796988.0630207742,1150921.3489392842
2023-02-16 00:00:00-05:00,2918606.5368275694,1789281.7911877502,1129324.7456398192
2023-02-17 00:00:00-05:00,2912950.5989361024,1791593.6097753483,1121356.9891607543
2023-02-21 00:00:00-05:00,2848254.890399387,1753446.1632905002,1094808.727108887
2023-02-22 00:00:00-05:00,2849074.1246244516,1753446.1632905002,1095627.9613339517
2023-02-23 00:00:00-05:00,2861725.804204936,1756528.797948328,1105197.0062566078
2023-02-24 00:00:00-05:00,2836284.1523871524,1749592.7125624423,1086691.43982471
2023-02-27 00:00:00-05:00,2847148.8751424844,1752675.3472202702,1094473.5279222142
2023-02-28 00:00:00-05:00,2840724.3954835385,1747665.9084955268,1093058.4869880115
2023-03-01 00:00:00-05:00,2822111.506807582,1737840.0105237002,1084271.4962838818
2023-03-02 00:00:00-05:00,2849195.538447385,1755950.8039499854,1093244.7344973998
2023-03-03 00:00:00-05:00,2889714.6266509695,1773868.6178986104,1115846.008752359
2023-03-06 00:00:00-05:00,2885971.2771831444,1768859.179173867,1117112.0980092774
2023-03-07 00:00:00-05:00,2844139.8398759463,1740730.1379211869,1103409.7019547594
2023-03-08 00:00:00-05:00,2851769.7841349016,1742849.4492484436,1108920.334886458
2023-03-09 00:00:00-05:00,2806354.4348025057,1716646.897251133,1089707.5375513725
2023-03-10 00:00:00-05:00,2765811.521637657,1691407.6685843936,1074403.8530532636
2023-03-13 00:00:00-04:00,2773587.465809774,1691215.1613240524,1082372.3044857217
2023-03-14 00:00:00-04:00,2814451.6773295677,1707206.643423081,1107245.0339064868
2023-03-15 00:00:00-04:00,2806388.316075402,1693334.630057082,1113053.6860183198
2023-03-16 00:00:00-04:00,2847866.617420733,1705472.3466165066,1142394.2708042264
2023-03-17 00:00:00-04:00,2815109.489397123,1678113.9640282835,1136995.5253688395
2023-03-20 00:00:00-04:00,2844383.6174650155,1703353.192695023,1141030.4247699925
2023-03-21 00:00:00-04:00,2872625.599661148,1715298.4019941064,1157327.1976670418
2023-03-22 00:00:00-04:00,2825435.7575025065,1683845.8952509554,1141589.862251551
2023-03-23 00:00:00-04:00,2829107.7042203443,1673980.9606474324,1155126.743572912
2023-03-24 00:00:00-04:00,2854830.247716481,1695451.8951092903,1159378.3526071904
2023-03-27 00:00:00-04:00,2858686.580971039,1707251.6614741501,1151434.9194968888
2023-03-28 00:00:00-04:00,2860114.820185845,1714795.4905494698,1145319.3296363747
2023-03-29 00:00:00-04:00,2898020.0715218056,1731817.5082441273,1166202.5632776786
2023-03-30 00:00:00-04:00,2915055.2415470667,1737814.0385711603,1177241.2029759067
2023-03-31 00:00:00-04:00,2961714.418997268,1764894.757375866,1196819.661621402
2023-04-03 00:00:00-04:00,2964027.9102345076,1770117.3235172094,1193910.5867172983
2023-04-04 00:00:00-04:00,2940076.9453617516,1750193.8452094116,1189883.10015234
2023-04-05 00:00:00-04:00,2928716.7367342236,1750580.4337878237,1178136.3029464001
2023-04-06 00:00:00-04:00,2935499.311183935,1749420.0384294952,1186079.2727544396
2023-04-10 00:00:00-04:00,2942565.61445306,1757157.319199794,1185408.295253266
2023-04-11 00:00:00-04:00,2945016.5449417415,1767216.020309842,1177800.5246318995
2023-04-12 00:00:00-04:00,2927261.5154287317,1759865.4855237284,1167396.0299050033
2023-04-13 00:00:00-04:00,2961147.577827409,1770891.2877028987,1190256.29012451
2023-04-14 00:00:00-04:00,2950012.068612133,1761993.2967627253,1188018.7718494076
2023-04-17 00:00:00-04:00,2962431.6874027085,1773406.159737627,1189025.5276650817
2023-04-18 00:00:00-04:00,2965213.857347966,1776113.8538442424,1189100.0035037238
2023-04-19 00:00:00-04:00,2968136.277144693,1779595.8269480933,1188540.4501965998
2023-04-20 00:00:00-04:00,2961008.9819884785,1781530.0290863381,1179478.9529021403
2023-04-21 00:00:00-04:00,2963207.04450301,1782497.4449670066,1180709.5995360033
2023-04-24 00:00:00-04:00,2970030.372334077,1791782.1818913652,1178248.1904427118
2023-04-25 00:00:00-04:00,2929041.2899619984,1773019.0989418959,1156022.1910201022
2023-04-26 00:00:00-04:00,2914194.1003609826,1751161.103684307,1163032.9966766755
2023-04-27 00:00:00-04:00,2981409.6866299426,1786753.0674450006,1194656.6191849418
2023-04-28 00:00:00-04:00,3005125.8162865415,1802227.6289855985,1202898.1873009433
2023-05-01 00:00:00-04:00,3005873.913388826,1804355.4402245956,1201518.4731642304
2023-05-02 00:00:00-04:00,2977405.708233942,1786366.3214608156,1191039.3867731262
2023-05-03 00:00:00-04:00,2960906.678640674,1777661.3099983023,1183245.3686423714
2023-05-04 00:00:00-04:00,2944737.105499007,1765668.4067500092,1179068.6987489974
2023-05-05 00:00:00-04:00,2992816.3767493907,1788687.4269890187,1204128.9497603718
2023-05-08 00:00:00-04:00,2989803.123933765,1782690.7392562127,1207112.3846775522
2023-05-09 00:00:00-04:00,2973840.5374506237,1774373.1034009766,1199467.4340496473
2023-05-10 00:00:00-04:00,2987473.0438651377,1774953.458485914,1212519.5853792236
2023-05-11 00:00:00-04:00,2985622.934379192,1769150.222448087,1216472.711931105
2023-05-12 00:00:00-04:00,2984161.171693081,1772051.8404670004,1212109.3312260807
2023-05-15 00:00:00-04:00,2991691.685839303,1773019.0989418959,1218672.5868974072
2023-05-16 00:00:00-04:00,2971213.7521951236,1751161.103684307,1220052.6485108167
2023-05-17 00:00:00-04:00,2999908.4597822437,1765088.051665072,1234820.4081171718
2023-05-18 00:00:00-04:00,3026131.444017926,1768376.4156681707,1257755.0283497556
2023-05-19 00:00:00-04:00,3022523.8489515074,1767602.6088882543,1254921.2400632529
2023-05-22 00:00:00-04:00,3018033.5159979784,1758898.5418603788,1259134.9741375996
2023-05-23 00:00:00-04:00,2984856.38973755,1741682.7576591962,1243173.6320783542
2023-05-24 00:00:00-04:00,2960102.8872045553,1723306.2632881391,1236796.6239164162
2023-05-25 00:00:00-04:00,2980139.5318456804,1713247.719583864,1266891.812261816
2023-05-26 00:00:00-04:00,3016571.283359247,1717310.047772652,1299261.2355865948
2023-05-30 00:00:00-04:00,3013952.7056303155,1708798.9602224368,1305153.745407879
2023-05-31 00:00:00-04:00,2993570.8218091684,1695838.4836877023,1297732.338121466
2023-06-01 00:00:00-04:00,3022876.795821755,1710152.8072757446,1312723.9885460103
2023-06-02 00:00:00-04:00,3077598.8358985404,1755030.1375838888,1322568.6983146516
2023-06-05 00:00:00-04:00,3070600.142844106,1747098.9329012919,1323501.2099428144
2023-06-06 00:00:00-04:00,3074438.538634498,1751161.103684307,1323277.434950191
2023-06-07 00:00:00-04:00,3073072.9111167304,1772245.1347562065,1300827.776360524
2023-06-08 00:00:00-04:00,3091928.3611128093,1774953.458485914,1316974.9026268953
2023-06-09 00:00:00-04:00,3093867.997081811,1771858.3887720213,1322009.6083097898
2023-06-12 00:00:00-04:00,3121815.510937807,1777468.015709096,1344347.495228711
2023-06-13 00:00:00-04:00,3149361.5456783753,1794683.7999102788,1354677.7457680963
2023-06-14 00:00:00-04:00,3157465.579249108,1792942.8920612398,1364522.6871878686
2023-06-15 00:00:00-04:00,3197130.5077257026,1816348.3434728885,1380782.1642528141
2023-06-16 00:00:00-04:00,3189215.038998598,1817121.992847032,1372093.0461515659
2023-06-20 00:00:00-04:00,3169648.338872802,1799519.4626616642,1370128.8762111377
2023-06-21 00:00:00-04:00,3152784.5254626777,1801327.425369988,1351457.10009269
2023-06-22 00:00:00-04:00,3161342.747508021,1793940.0576329995,1367402.6898750218
2023-06-23 00:00:00-04:00,3134956.601498573,1781109.4408609646,1353847.1606376087
2023-06-26 00:00:00-04:00,3132554.577091015,1796856.471794572,1335698.105296443
2023-06-27 00:00:00-04:00,3169711.934151006,1811047.7040681522,1358664.2300828535
2023-06-28 00:00:00-04:00,3163809.6684826585,1802493.9595534622,1361315.708929196
2023-06-29 00:00:00-04:00,3174691.7992626103,1816102.1608439647,1358589.6384186456
2023-06-30 00:00:00-04:00,3212360.0145627,1832820.5428025648,1379539.4717601351
2023-07-03 00:00:00-04:00,3217552.651321136,1834764.504098734,1382788.147222402
2023-07-05 00:00:00-04:00,3205462.795452784,1822711.9440624856,1382750.8513902982
2023-07-06 00:00:00-04:00,3182489.953115309,1810269.9621439115,1372219.9909713976
2023-07-07 00:00:00-04:00,3175795.555488799,1808131.4473123527,1367664.1081764458
2023-07-10 00:00:00-04:00,3189657.4897627584,1821545.2524732382,1368112.2372895202
2023-07-11 00:00:00-04:00,3214301.638433053,1839430.1686153125,1374871.4698177404
2023-07-12 00:00:00-04:00,3236526.54109635,1844290.3866672814,1392236.1544290688
2023-07-13 00:00:00-04:00,3263274.8664821214,1847400.5673353788,1415874.2991467426
2023-07-14 00:00:00-04:00,3258894.1811033348,1843318.2486134237,1415575.9324899113
2023-07-17 00:00:00-04:00,3272502.2609832194,1843707.0408726577,1428795.220110562
2023-07-18 00:00:00-04:00,3290995.176263811,1850511.5350323413,1440483.6412314696
2023-07-19 00:00:00-04:00,3298629.0928009264,1858481.4615350885,1440147.631265838
2023-07-20 00:00:00-04:00,3278261.7117325165,1871312.2357128963,1406949.4760196202
2023-07-21 00:00:00-04:00,3278318.437929203,1875588.9505644683,1402729.4873647343
2023-07-24 00:00:00-04:00,3283864.3641607394,1878893.9995795018,1404970.3645812375
2023-07-25 00:00:00-04:00,3298052.1969110807,1883559.3492845346,1414492.8476265464
2023-07-26 00:00:00-04:00,3298401.513318168,1888613.9634661202,1409787.5498520478
2023-07-27 00:00:00-04:00,3276767.1677129227,1870340.4124705847,1406426.755242338
2023-07-28 00:00:00-04:00,3314048.5807028976,1882004.3376533722,1432044.2430495254
2023-07-31 00:00:00-04:00,3313045.7429573825,1880254.7724868201,1432790.970470562
2023-08-01 00:00:00-04:00,3307583.8451737827,1878116.257655261,1429467.5875185218
2023-08-02 00:00:00-04:00,3271354.663451963,1873255.8821975195,1398098.7812544436
2023-08-03 00:00:00-04:00,3258811.486319157,1862952.8873278233,1395858.5989913335
2023-08-04 00:00:00-04:00,3241389.68811924,1852066.5466635036,1389323.1414557367
2023-08-07 00:00:00-04:00,3271038.0803486924,1869951.462805578,1401086.6175431143
2023-08-08 00:00:00-04:00,3246489.2002904816,1857315.2421631601,1389173.9581273212
2023-08-09 00:00:00-04:00,3230049.1378361457,1856148.8653854586,1373900.2724506871
2023-08-10 00:00:00-04:00,3226756.6878918963,1850316.8240911784,1376439.863800718
2023-08-11 00:00:00-04:00,3221674.4587303456,1854010.3505538998,1367664.1081764458
2023-08-14 00:00:00-04:00,3234106.678301368,1851094.4086096461,1383012.269691722
2023-08-15 00:00:00-04:00,3197269.1373748397,1828932.7776159996,1368336.3597588402
2023-08-16 00:00:00-04:00,3176947.4247420095,1823100.2641044005,1353847.1606376087
2023-08-17 00:00:00-04:00,3149717.6543092984,1810658.7544031455,1339058.8999061529
2023-08-18 00:00:00-04:00,3150953.6295858086,1813575.011158945,1337378.6184268636
2023-08-21 00:00:00-04:00,3164918.6224452783,1805993.0898865666,1358925.5325587117
2023-08-22 00:00:00-04:00,3160644.326514935,1803660.4937369367,1356983.8327779984
2023-08-23 00:00:00-04:00,3193512.01700865,1815130.3376016533,1378381.6794069968
2023-08-24 00:00:00-04:00,3153160.991882466,1804243.3673142416,1348917.6245682244
2023-08-25 00:00:00-04:00,3173337.266103985,1813963.488606633,1359373.7774973516
2023-08-28 00:00:00-04:00,3193678.4833467556,1824072.559564031,1369605.9237827244
2023-08-29 00:00:00-04:00,3240892.395051826,1841374.2873172548,1399518.1077345712
2023-08-30 00:00:00-04:00,3251807.6804398196,1844484.7827968982,1407322.8976429214
2023-08-31 00:00:00-04:00,3247862.4436079105,1836319.6731356692,1411542.7704722416
2023-09-01 00:00:00-04:00,3248506.7670637956,1838458.030561455,1410048.7365023405
2023-09-05 00:00:00-04:00,3225610.5444176346,1813769.4072885618,1411841.1371290728
2023-09-06 00:00:00-04:00,3207732.1052604364,1808326.0008477424,1399406.104412694
2023-09-07 00:00:00-04:00,3200250.957898065,1810852.9931269893,1389397.9647710756
2023-09-08 00:00:00-04:00,3198888.312532195,1807548.416329275,1391339.89620292
2023-09-11 00:00:00-04:00,3220142.133654004,1812408.6343812435,1407733.4992727607
2023-09-12 00:00:00-04:00,3199089.1800616356,1806964.9131288782,1392124.266932757
2023-09-13 00:00:00-04:00,3200309.471555669,1802882.594406923,1397426.8771487458
2023-09-14 00:00:00-04:00,3229815.786646844,1820961.9066786144,1408853.8799682297
2023-09-15 00:00:00-04:00,3189556.791763112,1804826.7131088653,1384730.0786542464
2023-09-18 00:00:00-04:00,3187112.3616138916,1800938.633110754,1386173.7285031376
2023-09-19 00:00:00-04:00,3182991.506310395,1799772.2563330526,1383219.249977342
2023-09-20 00:00:00-04:00,3156822.047303536,1793535.6822022416,1363286.3651012944
2023-09-21 00:00:00-04:00,3103297.6134864977,1764992.5063608796,1338305.1071256183
2023-09-22 00:00:00-04:00,3097423.961472648,1758931.9118842483,1338492.0495884
2023-09-25 00:00:00-04:00,3105736.53222006,1760887.048990298,1344849.4832297617
2023-09-26 00:00:00-04:00,3061299.429414008,1736644.8284895455,1324654.6009244623
2023-09-27 00:00:00-04:00,3059124.7945681876,1731366.0684872519,1327758.7260809354
2023-09-28 00:00:00-04:00,3077269.9715024196,1738404.1528140218,1338865.8186883975
2023-09-29 00:00:00-04:00,3071008.5131771993,1731170.570517224,1339837.9426599753
2023-10-02 00:00:00-04:00,3064008.9189014444,1712988.9444931028,1351019.9744083418
2023-10-03 00:00:00-04:00,3027395.6656741966,1700085.7636597292,1327309.9020144676
2023-10-04 00:00:00-04:00,3055624.987698718,1710251.972912715,1345373.0147860027
2023-10-05 00:00:00-04:00,3038366.4077133425,1696957.6387335132,1341408.7689798293
2023-10-06 00:00:00-04:00,3067098.566978612,1703213.7311801722,1363884.8357984398
2023-10-09 00:00:00-04:00,3085393.121927594,1714552.6134417783,1370840.5084858157
2023-10-10 00:00:00-04:00,3105497.250920007,1727064.9557408695,1378432.2951791377
2023-10-11 00:00:00-04:00,3115137.743136055,1726869.7725823878,1388267.970553667
2023-10-12 00:00:00-04:00,3090762.991634527,1707319.5033622996,1383443.4882722276
2023-10-13 00:00:00-04:00,3072591.1394151584,1706537.354076416,1366053.7853387424
2023-10-16 00:00:00-04:00,3103480.7439667527,1721981.8511143767,1381498.892852376
2023-10-17 00:00:00-04:00,3107166.9003249435,1730193.0806670857,1376973.8196578575
2023-10-18 00:00:00-04:00,3062711.1636277093,1703800.2250902553,1358910.9385374538
2023-10-19 00:00:00-04:00,3030641.60825534,1684445.7686517409,1346195.8396035992
2023-10-20 00:00:00-04:00,2999219.995501028,1673106.5715785888,1326113.423922439
2023-10-23 00:00:00-04:00,2993055.3278863193,1662940.362325603,1330114.9655607163
2023-10-24 00:00:00-04:00,3017920.2402727287,1674866.053308838,1343054.186963891
2023-10-25 00:00:00-04:00,2976446.380718061,1666264.3000333924,1310182.0806846686
2023-10-26 00:00:00-04:00,2951464.8910912536,1666264.3000333924,1285200.5910578615
2023-10-27 00:00:00-04:00,2935934.3205678957,1644563.2383314539,1291371.0822364416
2023-10-30 00:00:00-04:00,2965731.4828849765,1659812.7096167058,1305918.7732682708
2023-10-31 00:00:00-04:00,2982924.3688889006,1670760.2811267106,1312164.0877621898
2023-11-01 00:00:00-04:00,3008827.622243951,1673888.4060529266,1334939.2161910248
2023-11-02 00:00:00-04:00,3063950.419255968,1704777.7149403938,1359172.7043155741
2023-11-03 00:00:00-04:00,3095754.824535197,1720613.365324183,1375141.4592110142
2023-11-06 00:00:00-05:00,3095108.437458981,1714357.4302832966,1380751.007175684
2023-11-07 00:00:00-05:00,3100144.3523234054,1706341.5412948423,1393802.8110285634
2023-11-08 00:00:00-05:00,3100651.0876767007,1705950.860166333,1394700.2275103678
2023-11-09 00:00:00-05:00,3076232.707281317,1692265.6874528485,1383967.0198284686
2023-11-10 00:00:00-05:00,3122792.1209436925,1707710.1844908092,1415081.936452883
2023-11-13 00:00:00-05:00,3116815.025730622,1706146.0433248146,1410668.9824058076
2023-11-14 00:00:00-05:00,3185891.1774564106,1744855.7432307084,1441035.4342257022
2023-11-15 00:00:00-05:00,3195968.9479047405,1753848.8072577554,1442120.1406469848
2023-11-16 00:00:00-05:00,3194270.5581749463,1750916.180301567,1443354.3778733795
2023-11-17 00:00:00-05:00,3200667.7833252447,1756976.9321839714,1443690.8511412733
2023-11-20 00:00:00-05:00,3220395.2954487205,1759127.567260049,1461267.7281886712
2023-11-21 00:00:00-05:00,3214838.6776495744,1762060.0368104642,1452778.6408391104
2023-11-22 00:00:00-05:00,3226453.982607168,1767729.3205354945,1458724.662071674
2023-11-24 00:00:00-05:00,3230457.6308653746,1773789.9150121259,1456667.7158532485
2023-11-27 00:00:00-05:00,3223125.8508069413,1767729.3205354945,1455396.5302714466
2023-11-28 00:00:00-05:00,3225571.8899468845,1766360.9921510736,1459210.897795811
2023-11-29 00:00:00-05:00,3221218.1991270855,1763428.3651948853,1457789.8339322002
2023-11-30 00:00:00-05:00,3235148.346031155,1781023.8121204693,1454124.5339106857
2023-12-01 00:00:00-05:00,3259827.367615695,1801551.413784923,1458275.9538307718
2023-12-04 00:00:00-05:00,3249417.2955591213,1804679.381305366,1444737.9142537552
2023-12-05 00:00:00-05:00,3237013.53068668,1788648.0755457764,1448365.4551409038
2023-12-06 00:00:00-05:00,3229223.487031757,1789234.8842674054,1439988.6027643513
2023-12-07 00:00:00-05:00,3260682.2382124,1800573.9239347845,1460108.3142776154
2023-12-08 00:00:00-05:00,3263866.2420508726,1797250.6158500868,1466615.6262007859
2023-12-11 00:00:00-05:00,3287146.8284536763,1808003.1616073828,1479143.6668462935
2023-12-12 00:00:00-05:00,3308310.8444036134,1817386.906762939,1490923.9376406744
2023-12-13 00:00:00-05:00,3360311.2017949317,1850426.8507264839,1509884.351068448
2023-12-14 00:00:00-05:00,3370341.454151916,1861766.047799636,1508575.40635228
2023-12-15 00:00:00-05:00,3362775.9028757974,1846907.8872659854,1515868.015609812
2023-12-18 00:00:00-05:00,3376429.48232188,1851013.5020423399,1525415.9802795397
2023-12-19 00:00:00-05:00,3395953.6518856348,1862743.5376497745,1533210.1142358603
2023-12-20 00:00:00-05:00,3344153.837506117,1833726.7278375481,1510427.1096685687
2023-12-21 00:00:00-05:00,3380429.662103104,1852428.1077240137,1528001.5543790902
2023-12-22 00:00:00-05:00,3393739.5503547043,1863452.1784396817,1530287.3719150228
2023-12-26 00:00:00-05:00,3412359.83343071,1872704.4897748085,1539655.3436559013
2023-12-27 00:00:00-05:00,3418053.6069282675,1875263.907643287,1542789.6992849803
2023-12-28 00:00:00-05:00,3418681.52494776,1876641.6803740861,1542039.844573674
2023-12-29 00:00:00-05:00,3409448.7844555415,1874082.5773171536,1535366.207138388
2024-01-02 00:00:00-05:00,3387601.1720462,1878216.8399441885,1509384.3321020114
2024-01-03 00:00:00-05:00,3349974.8529325016,1856562.0555395028,1493412.7973929986
2024-01-04 00:00:00-05:00,3340911.3173945197,1855184.1254029307,1485727.191991589
2024-01-05 00:00:00-05:00,3342476.4986813036,1854987.3681867192,1487489.1304945843
2024-01-08 00:00:00-05:00,3389362.3969523367,1871129.802422025,1518232.5945303119
2024-01-09 00:00:00-05:00,3383305.872621742,1862074.0908973366,1521231.7817244057
2024-01-10 00:00:00-05:00,3397750.3063851167,1866208.1961185986,1531542.1102665178
2024-01-11 00:00:00-05:00,3397787.1682469337,1863058.3491957127,1534728.819051221
2024-01-12 00:00:00-05:00,3401527.3253366034,1866011.124090841,1535516.2012457622
2024-01-16 00:00:00-05:00,3388581.8159445664,1853215.6088061784,1535366.207138388
2024-01-17 00:00:00-05:00,3367716.063121978,1841010.36517015,1526705.697951828
2024-01-18 00:00:00-05:00,3394898.524244733,1846522.5579337568,1548375.9663109763
2024-01-19 00:00:00-05:00,3433478.7261702153,1854396.9391323118,1579081.7870379034
2024-01-22 00:00:00-05:00,3437508.970498731,1856365.1409175182,1581143.8295812127
2024-01-23 00:00:00-05:00,3447417.060260521,1859712.0598681613,1587705.0003923594
2024-01-24 00:00:00-05:00,3436738.682585825,1840223.1788995313,1596515.5036862937
2024-01-25 00:00:00-05:00,3464279.562305659,1865814.3668746296,1598465.1954310294
2024-01-26 00:00:00-05:00,3457118.730147678,1868176.7127153508,1588942.0174323271
2024-01-29 00:00:00-05:00,3481658.463513963,1876444.9231578745,1605213.5403560887
2024-01-30 00:00:00-05:00,3479438.0178691605,1884909.733410837,1594528.2844583234
2024-01-31 00:00:00-05:00,3428521.595914157,1865223.9378202225,1563297.6580939344
2024-02-01 00:00:00-05:00,3465237.8501506094,1883531.803274265,1581706.0468763441
2024-02-02 00:00:00-05:00,3487245.2772737537,1878807.2689985957,1608438.008275158
2024-02-05 00:00:00-05:00,3460341.7055427297,1854003.267294116,1606338.4382486136
2024-02-06 00:00:00-05:00,3471094.000074042,1867979.7980933664,1603114.2019806756
2024-02-07 00:00:00-05:00,3494874.3341448717,1875263.907643287,1619610.4265015847
2024-02-08 00:00:00-05:00,3494133.203781465,1871523.474260221,1622609.729521244
2024-02-09 00:00:00-05:00,3507545.593853338,1868964.2137975155,1638581.3800558227
2024-02-12 00:00:00-05:00,3513339.7766111596,1881169.4574335439,1632170.3191776157
2024-02-13 00:00:00-05:00,3461503.5875178706,1854790.453564735,1606713.1339531357
2024-02-14 00:00:00-05:00,3486296.1122908983,1862074.0908973366,1624222.0213935615
2024-02-15 00:00:00-05:00,3507865.586881282,1878807.2689985957,1629058.317882686
2024-02-16 00:00:00-05:00,3490534.587162785,1876247.8511301172,1614286.7360326678
2024-02-20 00:00:00-05:00,3476578.1772734122,1874476.4065611223,1602101.77071229
2024-02-21 00:00:00-05:00,3480600.211593789,1884909.733410837,1595690.4781829522
2024-02-22 00:00:00-05:00,3540307.640245177,1897902.163317484,1642405.4769276925
2024-02-23 00:00:00-05:00,3544329.867427418,1906760.8028144152,1637569.0646130026
2024-02-26 00:00:00-05:00,3534018.435960426,1897311.5768573037,1636706.8591031225
2024-02-27 00:00:00-05:00,3542088.632460379,1901445.2098612469,1640643.422599132
2024-02-28 00:00:00-05:00,3538668.545434952,1906760.8028144152,1631907.7426205364
2024-02-29 00:00:00-05:00,3561905.014845348,1916012.9567437693,1645892.0581015788
2024-03-01 00:00:00-05:00,3589246.586542339,1918572.3746122478,1670674.2119300915
2024-03-04 00:00:00-05:00,3584466.2502695047,1919753.2327210624,1664713.0175484424
2024-03-05 00:00:00-05:00,3548285.68695479,1913453.6962810638,1634831.990673726
2024-03-06 00:00:00-05:00,3570567.090259049,1925462.1827008806,1645104.9075581688
2024-03-07 00:00:00-05:00,3608135.8385581686,1938061.255580878,1670074.5829772907
2024-03-08 00:00:00-05:00,3583831.5698525077,1937864.3409588935,1645967.2288936144
2024-03-11 00:00:00-04:00,3584610.3884380977,1944754.4638590724,1639855.9245790252
2024-03-12 00:00:00-04:00,3617173.3944565505,1953809.860572215,1663363.5338843353
2024-03-13 00:00:00-04:00,3610294.2757282704,1959715.5677682448,1650578.7079600256
2024-03-14 00:00:00-04:00,3592943.3928751433,1946526.0658338403,1646417.327041303
2024-03-15 00:00:00-04:00,3571404.1037004287,1944557.706642861,1626846.3970575677
2024-03-18 00:00:00-04:00,3588888.455651152,1946526.0658338403,1642362.3898173117
2024-03-19 00:00:00-04:00,3604988.628664387,1958534.2374421111,1646454.3912222758
2024-03-20 00:00:00-04:00,3631150.578475886,1965174.714786361,1665975.8636895253
2024-03-21 00:00:00-04:00,3652274.788579423,1978415.3735969805,1673859.4149824427
2024-03-22 00:00:00-04:00,3644901.2595717944,1969127.0163398436,1675774.2432319508
2024-03-25 00:00:00-04:00,3630914.5728579066,1961222.0984213324,1669692.4744365741
2024-03-26 00:00:00-04:00,3624322.6768985484,1960036.3607335559,1664286.3161649927
2024-03-27 00:00:00-04:00,3667342.22759506,1997387.176601407,1669955.0509936535
2024-03-28 00:00:00-04:00,3670983.385001776,2004106.5142379142,1666876.8707638613
2024-04-01 00:00:00-04:00,3660085.4896169347,1989679.6455221993,1670405.8440947353
2024-04-02 00:00:00-04:00,3633614.7285360545,1977624.8818051293,1655989.8467309251
2024-04-03 00:00:00-04:00,3632588.4301122045,1972882.0884597958,1659706.3416524085
2024-04-04 00:00:00-04:00,3588040.9233390708,1953712.4263987471,1634328.4969403234
2024-04-05 00:00:00-04:00,3619354.6245465176,1965767.3475215898,1653587.277024928
2024-04-08 00:00:00-04:00,3620633.2468517623,1966557.996719214,1654075.2501325484
2024-04-09 00:00:00-04:00,3635250.1769445287,1975055.8621844999,1660194.3147600286
2024-04-10 00:00:00-04:00,3594277.2931954833,1948573.9149401688,1645703.3782553142
2024-04-11 00:00:00-04:00,3609291.831476478,1937309.4856091773,1671982.3458673009
2024-04-12 00:00:00-04:00,3559120.2221159115,1913792.1186929473,1645328.1034229645
2024-04-15 00:00:00-04:00,3521974.0966558717,1903713.2696439594,1618260.8270119121
2024-04-16 00:00:00-04:00,3512243.059190673,1893832.1222458205,1618410.9369448521
2024-04-17 00:00:00-04:00,3495855.7431655703,1897191.7910640743,1598663.952101496
2024-04-18 00:00:00-04:00,3493847.3586933925,1904306.0597849612,1589541.2989084313
2024-04-19 00:00:00-04:00,3474202.1695626974,1917546.8760013536,1556655.293561344
2024-04-22 00:00:00-04:00,3501912.430515686,1929602.2693415154,1572310.1611741704
2024-04-23 00:00:00-04:00,3529328.0217630845,1933554.728300771,1595773.2934623132
2024-04-24 00:00:00-04:00,3533745.8707663994,1932566.5348580705,1601179.335908329
2024-04-25 00:00:00-04:00,3514747.6852638843,1921301.7907155328,1593445.8945483516
2024-04-26 00:00:00-04:00,3532618.0825263774,1914582.7678905714,1618035.3146358058
2024-04-29 00:00:00-04:00,3550452.758642835,1925847.3546273361,1624605.404015499
2024-04-30 00:00:00-04:00,3504008.6406981824,1910037.3613845413,1593971.2793136414
2024-05-01 00:00:00-04:00,3494855.0090002394,1912408.8367600944,1582446.172240145
2024-05-02 00:00:00-04:00,3524735.6535641393,1922092.282507384,1602643.3710567553
2024-05-03 00:00:00-04:00,3564060.8635709956,1929206.866039817,1634853.9975311784
2024-05-06 00:00:00-04:00,3588687.0979562746,1935925.8888647782,1652761.2090914967
2024-05-07 00:00:00-04:00,3600807.4404480243,1947783.4231483177,1653024.0172997068
2024-05-08 00:00:00-04:00,3600029.311709199,1947981.124799167,1652048.186910032
2024-05-09 00:00:00-04:00,3621024.0851819096,1965372.1016256644,1655651.983556245
2024-05-10 00:00:00-04:00,3631252.54091128,1971696.193366246,1659556.347545034
2024-05-13 00:00:00-04:00,3630536.211776438,1967150.7868602157,1663385.4249162225
2024-05-14 00:00:00-04:00,3641828.272708636,1967743.5770012175,1674084.695707418
2024-05-15 00:00:00-04:00,3672737.7244475894,1972486.5277523242,1700251.1966952654
2024-05-16 00:00:00-04:00,3674619.7043810673,1977822.4260502057,1696797.2783308614
2024-05-17 00:00:00-04:00,3678536.9346754383,1982565.3768013122,1695971.5578741264
2024-05-20 00:00:00-04:00,3680283.4125658264,1972486.5277523242,1707796.8848135024
2024-05-21 00:00:00-04:00,3677102.996669302,1965964.8917666662,1711138.104902636
2024-05-22 00:00:00-04:00,3670836.6024615113,1960036.3607335559,1710800.2417279556
2024-05-23 00:00:00-04:00,3633892.21905494,1930788.0070292922,1703104.2120256478
2024-05-24 00:00:00-04:00,3655728.5933255437,1936518.8364115532,1719209.7569139905
2024-05-28 00:00:00-04:00,3639298.670821692,1913594.5744478712,1725704.0963738204
2024-05-29 00:00:00-04:00,3605989.903978505,1892448.9977187407,1713540.9062597642
2024-05-30 00:00:00-04:00,3597118.0324704493,1901934.899220954,1695183.1332494954
2024-05-31 00:00:00-04:00,3629734.2820816394,1937704.7315051027,1692029.5505765367
2024-06-03 00:00:00-04:00,3630321.4265006175,1929206.866039817,1701114.5604608008
2024-06-04 00:00:00-04:00,3631419.242916342,1925649.6529764868,1705769.589939855
2024-06-05 00:00:00-04:00,3668178.707992698,1928020.9709462672,1740157.737046431
2024-06-06 00:00:00-04:00,3666590.042153088,1927033.092315113,1739556.949837975
2024-06-07 00:00:00-04:00,3662086.570696071,1924068.8267985578,1738017.7438975133
2024-06-10 00:00:00-04:00,3666932.901338334,1921894.7382623078,1745038.1630760264
2024-06-11 00:00:00-04:00,3671201.2377685537,1914187.521994646,1757013.7157739077
2024-06-12 00:00:00-04:00,3699549.896975551,1919523.2628867545,1780026.6340887963
2024-06-13 00:00:00-04:00,3706826.4179781443,1917151.6301054282,1789674.7878727163
2024-06-14 00:00:00-04:00,3703451.469840304,1904503.9188415834,1798947.5509987208
2024-06-17 00:00:00-04:00,3742879.261360677,1921894.7382623078,1820984.5230983691
2024-06-18 00:00:00-04:00,3746801.842427455,1925254.4070805614,1821547.4353468937
2024-06-20 00:00:00-04:00,3738690.3132173475,1931183.2529252176,1807507.0602921299
2024-06-21 00:00:00-04:00,3735428.125023351,1932764.079103147,1802664.0459202041
2024-06-24 00:00:00-04:00,3729529.7119225916,1947388.3346581652,1782141.3772644266
2024-06-25 00:00:00-04:00,3722242.3133610627,1919720.9645376038,1802521.348823459
2024-06-26 00:00:00-04:00,3721393.179522045,1915149.4286732604,1806243.7508487846
2024-06-27 00:00:00-04:00,3724267.0200390453,1913360.826875012,1810906.1931640336
2024-06-28 00:00:00-04:00,3712084.428522378,1910578.5224320092,1801505.9060903692
2024-07-01 00:00:00-04:00,3702179.0921096997,1890107.1146285054,1812071.977481194
2024-07-02 00:00:00-04:00,3729751.9557136064,1898653.7758834118,1831098.1798301945
2024-07-03 00:00:00-04:00,3742632.5539937746,1896268.4487998371,1846364.1051939374
2024-07-05 00:00:00-04:00,3764070.7507309886,1898454.8149863787,1865615.9357446097
2024-07-08 00:00:00-04:00,3770693.847870692,1900640.8663613745,1870052.9815093176
2024-07-09 00:00:00-04:00,3762572.160752444,1890902.4859993185,1871669.6747531255
2024-07-10 00:00:00-04:00,3803154.335642216,1911969.6746535106,1891184.660988705
2024-07-11 00:00:00-04:00,3787319.010850924,1937608.2417662726,1849710.7690846513
2024-07-12 00:00:00-04:00,3813092.0921100695,1952514.5684664517,1860577.523643618
2024-07-15 00:00:00-04:00,3814912.7920709653,1949334.4996351558,1865578.2924358093
2024-07-16 00:00:00-04:00,3849017.0611560717,1982724.3566320112,1866292.7045240602
2024-07-17 00:00:00-04:00,3811324.6416841997,1999816.734707186,1811507.906977014
2024-07-18 00:00:00-04:00,3786454.4582696958,1983519.7280028244,1802934.7302668712
2024-07-19 00:00:00-04:00,3754375.2879815083,1967420.8951666309,1786954.3928148774
2024-07-22 00:00:00-04:00,3787555.7671900066,1973979.6789147097,1813576.088275297
2024-07-23 00:00:00-04:00,3776393.44550936,1969209.6543706523,1807183.7911387077
2024-07-24 00:00:00-04:00,3704215.6683419924,1961855.9714690794,1742359.6968729128
2024-07-25 00:00:00-04:00,3697125.072720185,1973979.6789147097,1723145.3938054754
2024-07-26 00:00:00-04:00,3739243.84006724,1998425.8972972305,1740817.9427700094
2024-07-29 00:00:00-04:00,3745125.3113513766,2000810.5947577131,1744314.7165936632
2024-07-30 00:00:00-04:00,3729719.7000398077,2009356.7837953006,1720362.916244507
2024-07-31 00:00:00-04:00,3780234.345980917,2008959.4916243264,1771274.854356591
2024-08-01 00:00:00-04:00,3739318.761958532,2010946.739508062,1728372.02245047
2024-08-02 00:00:00-04:00,3691339.661481865,2003990.5061832361,1687349.155298629
2024-08-05 00:00:00-04:00,3600484.8581813667,1963445.9271818409,1637038.9309995258
2024-08-06 00:00:00-04:00,3629045.51733575,1976364.6911867384,1652680.8261490117
2024-08-07 00:00:00-04:00,3599619.8442117134,1964837.0794033422,1634782.7648083714
2024-08-08 00:00:00-04:00,3670497.969491587,1985705.77937782,1684792.1901137673
2024-08-09 00:00:00-04:00,3680886.7301161634,1987295.7350905815,1693590.995025582
2024-08-12 00:00:00-04:00,3669627.907880613,1972389.5657961753,1697238.3420844378
2024-08-13 00:00:00-04:00,3726448.490044443,1987097.2464108672,1739351.2436335757
2024-08-14 00:00:00-04:00,3731981.148017753,1992065.6022288657,1739915.545788887
2024-08-15 00:00:00-04:00,3793625.7802693606,2009754.5481835937,1783871.232085767
2024-08-16 00:00:00-04:00,3803471.918756376,2017306.8771706538,1786165.041585722
2024-08-19 00:00:00-04:00,3837865.9048774377,2028238.0784802698,1809627.826397168
2024-08-20 00:00:00-04:00,3831285.7128055277,2025455.459225721,1805830.2535798068
2024-08-21 00:00:00-04:00,3856403.402184669,2042150.5451299215,1814252.8570547474
2024-08-22 00:00:00-04:00,3828036.1516873743,2042547.9947066687,1785488.156980706
2024-08-23 00:00:00-04:00,3863102.063772764,2058249.377966115,1804852.6858066488
2024-08-26 00:00:00-04:00,3850945.860773027,2063615.4981724066,1787330.3626006204
2024-08-27 00:00:00-04:00,3854496.42848927,2061826.7389683852,1792669.689520885
2024-08-28 00:00:00-04:00,3831769.4770239135,2059441.8841021294,1772327.5929217844
2024-08-29 00:00:00-04:00,3836528.6256771823,2066795.4095979293,1769733.216079253
2024-08-30 00:00:00-04:00,3873920.2565950155,2083092.88851961,1790827.3680754052
2024-09-03 00:00:00-04:00,3810009.180460171,2073552.9968372684,1736456.1836229025
2024-09-04 00:00:00-04:00,3804105.654276153,2072161.6872099938,1731943.9670661592
2024-09-05 00:00:00-04:00,3790418.9187197313,2056857.9109330678,1733561.0077866637
2024-09-06 00:00:00-04:00,3733050.236720409,2045926.7096234516,1687123.5270969572
2024-09-09 00:00:00-04:00,3776807.1928144684,2067987.9157339437,1708819.2770805245
2024-09-10 00:00:00-04:00,3797767.2927257335,2073155.5472605212,1724611.7454652123
2024-09-11 00:00:00-04:00,3825876.696433692,2063814.1442578936,1762062.5521757982
2024-09-12 00:00:00-04:00,3854700.6141645405,2075341.5986355168,1779359.0155290235
2024-09-13 00:00:00-04:00,3876584.427885789,2089254.0652851686,1787330.3626006204
2024-09-16 00:00:00-04:00,3883992.0278831543,2104557.841562095,1779434.186321059
2024-09-17 00:00:00-04:00,3880758.4541028,2100384.227491818,1780374.226610982
2024-09-18 00:00:00-04:00,3866491.205736693,2093825.2863379659,1772665.919398727
2024-09-19 00:00:00-04:00,3922839.414895064,2105353.0555271353,1817486.3593679287
2024-09-20 00:00:00-04:00,3910833.6231253045,2096806.3942722287,1814027.2288530755
2024-09-23 00:00:00-04:00,3931145.016058431,2112309.288851961,1818835.7272064702
2024-09-24 00:00:00-04:00,3945085.540235293,2117476.6055669924,1827608.9346683007
2024-09-25 00:00:00-04:00,3933438.1975365058,2104134.734844354,1829303.4626921515
2024-09-26 00:00:00-04:00,3963759.447109713,2120712.2386361463,1843047.2084735672
2024-09-27 00:00:00-04:00,3961106.8165751854,2128301.7153856275,1832805.101189558
2024-09-30 00:00:00-04:00,3970072.1560069546,2132296.5164978113,1837775.6395091433
2024-10-01 00:00:00-04:00,3942669.5618533306,2130498.7851647306,1812170.7766885997
2024-10-02 00:00:00-04:00,3937840.5462129144,2123109.2137469207,1814731.3324659935
2024-10-03 00:00:00-04:00,3917909.9407430626,2104534.2306961496,1813375.7100469128
2024-10-04 00:00:00-04:00,3946675.833744188,2111724.3689996074,1834951.4647445804
2024-10-07 00:00:00-04:00,3911242.0706605385,2095945.8569114064,1815296.2137491321
2024-10-08 00:00:00-04:00,3941748.024181613,2099341.099434351,1842406.924747262
2024-10-09 00:00:00-04:00,3967230.2166856877,2110326.4483298687,1856903.768355819
2024-10-10 00:00:00-04:00,3960927.063226949,2106131.8992917864,1854795.1639351626
2024-10-11 00:00:00-04:00,3984198.5767047224,2126504.2988640927,1857694.2778406297
2024-10-14 00:00:00-04:00,4014767.217361139,2141483.976654475,1873283.2407066638
2024-10-15 00:00:00-04:00,3988529.021499685,2140285.646504861,1848243.3749948244
2024-10-16 00:00:00-04:00,4001537.4477835605,2153068.0971103674,1848469.350673193
2024-10-17 00:00:00-04:00,4001619.33760986,2151869.766960753,1849749.5706491072
2024-10-18 00:00:00-04:00,4018137.5509061217,2156263.591707414,1861873.9591987077
2024-10-21 00:00:00-04:00,4004538.27491432,2139087.158949474,1865451.1159648462
2024-10-22 00:00:00-04:00,3987997.040303716,2120512.4907102487,1867484.5495934673
2024-10-23 00:00:00-04:00,3952589.217968303,2113721.6908528134,1838867.5271154894
2024-10-24 00:00:00-04:00,3963505.8833241584,2109727.204552175,1853778.6787719831
2024-10-25 00:00:00-04:00,3957425.5493394053,2092350.8664625639,1865074.6828768412
2024-10-28 00:00:00-04:00,3971707.47656493,2106331.6472176844,1865375.8293472452
2024-10-29 00:00:00-04:00,3970656.7811936093,2087357.6405324363,1883299.1406611733
2024-10-30 00:00:00-04:00,3955624.6806941954,2086558.6488288448,1869066.031865351
2024-10-31 00:00:00-04:00,3888072.0526605826,2066186.4066623119,1821885.6459982707
2024-11-01 00:00:00-04:00,3907144.5333370846,2071778.876370133,1835365.6569669517
2024-11-04 00:00:00-05:00,3902996.239555805,2072977.2065197472,1830019.0330360578
2024-11-05 00:00:00-05:00,3947912.033734375,2094547.7788358943,1853364.2548984808
2024-11-06 00:00:00-05:00,4022023.0262404736,2118315.420931145,1903707.6053093285
2024-11-07 00:00:00-05:00,4048799.671658016,2115119.7689283253,1933679.9027296905
2024-11-08 00:00:00-05:00,4062842.949346795,2126903.637310115,1935939.31203668
2024-11-11 00:00:00-05:00,4068903.945792011,2134093.933019346,1934810.0127726647
2024-11-12 00:00:00-05:00,4049024.129706655,2117716.3345592245,1931307.7951474306
2024-11-13 00:00:00-05:00,4053529.6399813266,2124706.882342558,1928822.757638769
2024-11-14 00:00:00-05:00,4023347.8213183293,2107929.78803064,1915418.0332876889
2024-11-15 00:00:00-05:00,3969521.8084385004,2099740.437880374,1869781.3705581261
2024-11-18 00:00:00-05:00,3990501.90121137,2107729.8826989694,1882772.0185124006
2024-11-19 00:00:00-05:00,3991071.7936973604,2095346.7705394858,1895725.0231578746
2024-11-20 00:00:00-05:00,3993374.8753826204,2098741.8556566574,1894633.019725963
2024-11-21 00:00:00-05:00,4025356.318292436,2123907.890638966,1901448.42765347
2024-11-22 00:00:00-05:00,4040789.307663513,2136290.845392677,1904498.4622708359
2024-11-25 00:00:00-05:00,4062775.788817741,2155265.166889471,1907510.6219282702
2024-11-26 00:00:00-05:00,4075414.208924282,2157661.827188699,1917752.3817355828
2024-11-27 00:00:00-05:00,4062312.2784025567,2159659.1490419046,1902653.129360652
2024-11-29 00:00:00-05:00,4085821.2572296266,2166449.634087794,1919371.6231418326
2024-12-02 00:00:00-05:00,4098730.15387112,2158460.818892291,1940269.3349788291
2024-12-03 00:00:00-05:00,4090898.07057875,2144679.471251522,1946218.5993272278
2024-12-04 00:00:00-05:00,4105971.423785652,2135691.916426529,1970279.5073591226
2024-12-05 00:00:00-05:00,4096117.73037015,2131297.7768683224,1964819.9535018273
2024-12-06 00:00:00-05:00,4102717.101995336,2120312.7427843506,1982404.3592109852
2024-12-09 00:00:00-05:00,4086280.3617919185,2119314.1605606345,1966966.201231284
2024-12-10 00:00:00-05:00,4070590.0557344817,2110326.4483298687,1960263.6074046132
2024-12-11 00:00:00-05:00,4093499.6698389337,2098142.769284737,1995356.900554197
2024-12-12 00:00:00-05:00,4075429.7560688434,2092950.1102402573,1982479.6458285863
2024-12-13 00:00:00-05:00,4081616.268019064,2083962.0831979457,1997654.1848211181
2024-12-16 00:00:00-05:00,4098400.173179198,2071978.6242960307,2026421.548883167
2024-12-17 00:00:00-05:00,4076493.9207194224,2058996.2683588536,2017497.652360569
2024-12-18 00:00:00-05:00,3952578.7032889435,2007865.8363137366,1944712.866975207
2024-12-19 00:00:00-05:00,3933332.540044643,1997280.298081561,1936052.2419630818
2024-12-20 00:00:00-05:00,3965418.518680333,2012459.5663920685,1952958.9522882649
2024-12-23 00:00:00-05:00,3983159.568223342,2011173.7186326834,1971985.8495906584
2024-12-24 00:00:00-05:00,4023560.611216398,2024834.8082629037,1998725.8029534945
2024-12-26 00:00:00-05:00,4022805.3789907056,2025437.5149676024,1997367.8640231031
2024-12-27 00:00:00-05:00,3983798.6193242352,2012981.6813410071,1970816.9379832284
2024-12-30 00:00:00-05:00,3937497.2148966235,1992892.2973484998,1944604.9175481237
